0,654322,692073,677804,677824,677808,677809,677814,594839,677817,619562,677827,677842,677832,677836,677838,26779,100124538,26775,6080,677823,677847,677798,652966,594837,26771,692234,692235,692200,692227,692229,100113382,692058,692213,692214,692215,767561,767562,767563,767565,767566,767567,767568,767569,767577,767588,767589,767590,767591,767592,767593,767595,767578,767598,767599,767600,767603,767605,767606,767609,767610,767579,767581,767585,338433,100033447,100033450,100033453,100033454,100033603,100033800,100033805,100033806,100033807,100033814,100033816,100033445,100033413,100033427,100033428,100033414,100033431,100033432,100033435,100033436,100033821,100033415,692233,727676,100113378,100113392,692057,100113379,101340252,100113384,101340251,100113380,100113391,100113389,100113393,26765,692084,26822,85388,85389,85390,85391,6079,114599,595097,595098,595099,595100,692089,100113381,677848,677849,677850,619567,6082,6083,9304,692091,26820,9303,9302,9301,9300,9299,9298,26819,26818,26817,26816,84546,26815,26814,26813,26812,94162,94163,780851,26851,780852,780853,780854,26843,26810,26809,26808,26807,26806,26805,26804,692085,94161,26802,26801,26800,692087,26773,26772,692072,26799,692088,26798,26797,26796,26795,26811,26793,26792,26791,26790,100124516,26789,692090,692075,26788,26787,26786,692093,26785,347686,692106,692107,692108,606500,692109,692076,692110,692111,619564,8944,619498,692195,692196,692197,692198,26770,26774,26769,25826,116937,116938,692199,641648,692202,692203,692204,692205,692206,692208,692209,692210,692225,619571,692226,692223,692211,692212
654322,1.0,0.18219489862428656,0.0,0.0,0.0,0.0,0.0,0.0,0.0,0.0,0.0,0.0,0.0,0.0782882399628274,0.04529426137015257,0.0,0.07598482763739738,0.0,0.023792876682685638,0.05001772134434832,0.0,0.0,0.03250987885558802,0.0,0.0,0.0,0.0,0.0,0.0,0.055400375249747044,0.03588540527177485,0.0,0.0,0.08542735431168662,0.0,0.0,0.0,0.0,0.0,0.0,0.0,0.06407361441698789,0.0,0.0,0.0,0.0,0.0,0.0,0.0,0.0,0.0,0.0,0.0,0.0,0.0,0.0,0.0,0.0,0.0,0.0,0.0,0.0,0.0,0.0,0.0,0.0,0.0,0.0,0.0,0.0,0.0,0.0,0.0,0.0,0.0,0.0,0.0,0.0,0.0,0.11366796447880954,0.0,0.0,0.0,0.0,0.11008715340077199,0.0,0.028411312530398608,0.0,0.0,0.0,0.0,0.0,0.0,0.0,0.05638069478275651,0.0387559713080281,0.0,0.0,0.0,0.0,0.0,0.0,0.0,0.0,0.0,0.0,0.0,0.0,0.0,0.0,0.0,0.0,0.035733089013512694,0.0,0.0,0.041165434242600454,0.0,0.0,0.0,0.0,0.0,0.0,0.0,0.0,0.0,0.0,0.0,0.0,0.0,0.0,0.0,0.0,0.0,0.0,0.0,0.0,0.0,0.0,0.0,0.0,0.0,0.0,0.0,0.0,0.0,0.0,0.0,0.0,0.0,0.0,0.0,0.0,0.0,0.0,0.06289207716502017,0.0,0.0,0.0,0.0,0.0,0.0,0.0,0.08059660610739468,0.0,0.0,0.0,0.0,0.0,0.0,0.0,0.12903313692070625,0.0,0.0,0.0,0.0,0.0,0.0,0.0,0.0,0.0,0.0,0.0,0.0,0.0,0.0,0.0,0.0,0.0,0.0,0.0,0.0,0.0,0.11349646588378963,0.0,0.0,0.0,0.0,0.0,0.0,0.0,0.0,0.0,0.0,0.0,0.0,0.0,0.0,0.0,0.0,0.05076517078806202,0.0,0.0,0.0,0.0,0.0,0.0,0.0,0.03770624132598651,0.0,0.0
692073,0.18219489862428656,1.0,0.0,0.0,0.0,0.0,0.05685722815555856,0.0,0.0,0.0,0.0,0.017179199649607173,0.0,0.019567267906957484,0.1605143349737048,0.0,0.0,0.0,0.03959186168649505,0.03846153846153846,0.0,0.029390424689274795,0.11599360831023081,0.0,0.0,0.0,0.0,0.0,0.0,0.0,0.0,0.0,0.0,0.0,0.0,0.0,0.0,0.0,0.0,0.0,0.0,0.05314495510668976,0.0,0.0,0.0,0.0,0.0,0.0,0.0,0.0,0.0,0.0,0.0,0.0,0.0,0.0,0.0,0.0,0.0,0.0,0.0,0.0,0.0,0.0,0.0,0.0,0.0,0.0,0.0,0.0,0.0,0.0,0.0,0.0,0.0,0.0,0.040928796519657897,0.0,0.0,0.04800682204942716,0.0,0.0,0.0,0.0,0.0,0.03870733871908668,0.025843718798292423,0.03444213074281525,0.0,0.0,0.0,0.0,0.030689790160584138,0.0,0.13423320581340678,0.0,0.0,0.0,0.0,0.0,0.0,0.0,0.0,0.037891998480076246,0.0,0.0,0.06833415562564084,0.0,0.0,0.0,0.0,0.0,0.0,0.04620640576276046,0.05326074313596755,0.0,0.0,0.0,0.0,0.0,0.04553310126687508,0.03016160107175117,0.0,0.0,0.0,0.0,0.0,0.0,0.0,0.034898911630178914,0.0,0.0,0.0,0.0,0.0,0.0,0.0,0.0,0.0,0.0,0.0,0.0,0.0,0.0,0.0,0.0,0.0,0.06695440762695659,0.08191477901134019,0.0,0.0,0.0,0.0,0.0,0.049396076611525196,0.0,0.0,0.0,0.0,0.0,0.0,0.0,0.0,0.043816238455742874,0.0,0.0,0.0,0.0,0.0,0.0,0.035100930381895705,0.0,0.0,0.0,0.0,0.0,0.0,0.0,0.0,0.0,0.0,0.0366434188522725,0.0,0.0,0.0,0.029366064057119758,0.0,0.0,0.0,0.0,0.0,0.0,0.09759929279153871,0.0,0.0,0.0,0.0,0.0,0.0,0.0,0.0,0.0,0.0,0.0,0.0,0.0,0.0,0.0,0.0,0.02190284439346399,0.0,0.0,0.0,0.04441538916084533,0.0,0.0,0.0,0.030357162499438792,0.0,0.0
677804,0.0,0.0,1.0,0.0,0.0,0.0,0.0,0.0,0.0,0.0,0.0,0.0,0.0,0.0,0.0,0.0,0.0,0.0,0.0,0.0,0.03237793682362615,0.0,0.0,0.0,0.0,0.0,0.0,0.0,0.0,0.0,0.0,0.0,0.0,0.0,0.0,0.0,0.0,0.0,0.0,0.0,0.0,0.0,0.0,0.0,0.0,0.0,0.0,0.0,0.0,0.0,0.0,0.0,0.0,0.0,0.0,0.0,0.0,0.0,0.0,0.0,0.0,0.0,0.0,0.11162821145213725,0.11107570178835682,0.11162821145213725,0.11107570178835682,0.11162821145213725,0.11107570178835682,0.10214994898671753,0.0,0.05795698587453665,0.0,0.11162821145213725,0.11162821145213725,0.05286357269084413,0.0,0.0,0.0,0.0,0.0,0.0,0.0,0.0,0.0,0.0,0.0,0.04177456388567176,0.0,0.0,0.0,0.0,0.0,0.0,0.05518082863458403,0.0,0.0,0.0,0.0,0.0,0.0,0.0,0.0,0.0,0.0,0.0,0.08433611141422531,0.13196251388900476,0.0,0.0,0.0,0.0,0.0,0.0549462419589753,0.0,0.0,0.0,0.0,0.0,0.0,0.0,0.0,0.0,0.0,0.0,0.0,0.0,0.0,0.0,0.0,0.0,0.0,0.058742813164482266,0.03819424152490173,0.0,0.0,0.0,0.0,0.03142163641073826,0.0,0.06606606540921649,0.06606606540921649,0.06606606540921649,0.06606606540921649,0.06606606540921649,0.0,0.0,0.0,0.0,0.0,0.0,0.0,0.0,0.0,0.0,0.0,0.0,0.0,0.0,0.0,0.0,0.0,0.0,0.0,0.0,0.0,0.11389097347126577,0.0,0.0,0.0,0.0,0.0,0.0,0.0,0.0,0.0,0.0,0.0,0.0,0.0,0.0,0.0,0.0,0.0502423967189616,0.0,0.0,0.0,0.0,0.0,0.0,0.0,0.0,0.0,0.0,0.0,0.0,0.0,0.0,0.0,0.0,0.0,0.0,0.0,0.0,0.0,0.0,0.0,0.0,0.0,0.0,0.05616292499645775,0.0,0.0,0.0,0.0,0.0,0.0,0.0,0.0,0.0
677824,0.0,0.0,0.0,1.0,0.034771233251900076,0.05770924789806899,0.021802724895107293,0.023288232192239317,0.025761586276893903,0.0,0.0,0.0,0.0750829624649039,0.014490046100558773,0.054630042701073946,0.0,0.0,0.0,0.0,0.027777777777777776,0.019600267809644786,0.02275422507813691,0.08777698882947006,0.0,0.0,0.0,0.0,0.0,0.0,0.03568362736013795,0.0,0.0,0.0,0.0,0.022742799215461577,0.0,0.055048547952621124,0.0,0.0,0.0,0.06610852724465234,0.0,0.0,0.0,0.0,0.0,0.0,0.0,0.0,0.0,0.0,0.0,0.0,0.0,0.0,0.0,0.0,0.0,0.0,0.0,0.0,0.0,0.0,0.03581405818073815,0.03584643510054845,0.03581405818073815,0.03584643510054845,0.03581405818073815,0.03584643510054845,0.03378685896183681,0.03581405818073815,0.03810004711630377,0.0,0.03581405818073815,0.03581405818073815,0.03581405818073815,0.0,0.0,0.0,0.0,0.0,0.0,0.0,0.0,0.0,0.0,0.0,0.0,0.0,0.0,0.0,0.02678571428571429,0.0,0.0,0.0204402439368916,0.0,0.0,0.0,0.0,0.0,0.039263786980450306,0.033467384685206415,0.03529411764705883,0.0,0.029065426002868103,0.0,0.04956222729011037,0.024305744113773904,0.0,0.11727110246856694,0.0,0.0,0.027078221553294157,0.0,0.0,0.1272396457998693,0.0,0.10504671203384057,0.04762687003475048,0.0,0.0,0.0,0.0,0.07980648689841544,0.024539256622728087,0.0,0.0,0.0,0.0,0.0,0.0,0.0,0.0,0.08840842373406266,0.0,0.0,0.050281093500282946,0.038317458123721275,0.0,0.0,0.04276351538453289,0.04276351538453289,0.04276351538453289,0.04276351538453289,0.04276351538453289,0.1122275116884838,0.0,0.0398206365453039,0.06844189382978885,0.025056738023676618,0.0,0.0,0.0,0.0,0.0,0.0,0.0,0.0,0.0,0.0,0.0,0.0,0.0,0.0,0.0,0.12157400242997186,0.0,0.0,0.0,0.0,0.02968835258821212,0.0,0.0,0.024744058919894053,0.0,0.0,0.0,0.0,0.0,0.0,0.0,0.0,0.0,0.0,0.0,0.07449714557532822,0.0,0.0,0.0,0.0,0.0,0.0,0.0,0.0,0.0,0.0,0.04990231876248828,0.0,0.06252172221708506,0.0,0.0,0.02453894591222588,0.024954593909048233,0.07714477984724057,0.0,0.0,0.015010923806881776,0.0,0.0,0.03766043021699966,0.0,0.0,0.0,0.0,0.0,0.0,0.03148870645347216,0.02295589880862996,0.0,0.03823158927040479
677808,0.0,0.0,0.0,0.034771233251900076,1.0,0.0,0.019361079125563944,0.04335060096437424,0.0495420642542208,0.0,0.0,0.012038259238252916,0.018913972932280122,0.013768917994425882,0.0,0.0,0.014677587006095654,0.0,0.013642853860672923,0.0,0.10090630743352422,0.0,0.0,0.052788709518502945,0.0,0.0,0.0,0.031054080377407263,0.0,0.0,0.021808813382640114,0.0,0.0,0.14459469371598957,0.018193474536719323,0.0,0.053074256868857625,0.0,0.0,0.0,0.0,0.0,0.0,0.0,0.0,0.0,0.0,0.0,0.0,0.0,0.0,0.0,0.0,0.0,0.0,0.0,0.0,0.0,0.0,0.0,0.0,0.0,0.0,0.0,0.0,0.0,0.0,0.0,0.0,0.0,0.0,0.0,0.0,0.0,0.0,0.0,0.0,0.0,0.0,0.0,0.0,0.0,0.0,0.0,0.0,0.0,0.018049375276651857,0.0,0.0,0.0,0.05521302839396469,0.022774366876377097,0.0,0.0,0.0,0.0,0.0,0.0,0.032192230801615686,0.0,0.0,0.03015303852431532,0.0,0.0,0.024883932872393825,0.0,0.02316443032985992,0.0,0.0,0.0,0.0,0.0,0.0,0.0,0.0,0.024785883792773883,0.0,0.0,0.0,0.0,0.0,0.021026918847845032,0.0,0.0,0.0,0.058194784854956785,0.0,0.0,0.0,0.02435131716994888,0.0,0.0,0.0,0.0,0.0,0.0,0.0,0.0,0.0,0.0,0.0,0.0,0.0,0.0,0.0,0.0762458074370246,0.0,0.0,0.0,0.0,0.0,0.0,0.0,0.0,0.0,0.04599053807530367,0.0,0.0,0.0,0.02447409990138746,0.028571991817535766,0.0,0.0,0.0,0.0,0.0,0.0,0.0,0.0,0.0,0.0,0.04037523451378223,0.02720735840859265,0.02065417595099389,0.0,0.0,0.0,0.0,0.0,0.0,0.0,0.0,0.0,0.0,0.0,0.0,0.0,0.0,0.0,0.0,0.0,0.0,0.032361549790534655,0.0,0.0,0.0,0.0,0.0,0.0,0.0,0.0,0.019762252424968013,0.0,0.0,0.0,0.0,0.011765087877025328,0.012658552142303041,0.043479536186281025,0.0,0.0,0.0,0.0,0.030928436369220554,0.0,0.0,0.0,0.0,0.04618263834737926,0.0
677809,0.0,0.0,0.0,0.05770924789806899,0.0,1.0,0.0,0.0,0.0,0.05267368304358993,0.0,0.01904805325194122,0.0,0.0,0.0,0.0,0.023710565127190202,0.0,0.0,0.0,0.032410268533847174,0.03462929570725001,0.10084246793221946,0.0,0.0,0.0,0.0,0.0512537618072802,0.0,0.053810369148059846,0.0,0.0,0.0,0.0,0.028543335966406205,0.0,0.0,0.0,0.0,0.0,0.0,0.0,0.0,0.0,0.0,0.0,0.0,0.0,0.0,0.0,0.0,0.09491475025087336,0.0,0.0,0.0,0.0,0.0,0.0,0.0,0.0,0.0,0.0,0.0,0.05315549591663712,0.05291643467020341,0.05315549591663712,0.05291643467020341,0.05315549591663712,0.05291643467020341,0.04890216907014961,0.0,0.05821918148071142,0.10283309977132409,0.05315549591663712,0.05315549591663712,0.05315549591663712,0.0,0.0,0.0,0.0,0.0,0.0,0.0,0.0,0.0,0.0,0.0,0.0,0.0,0.0,0.0,0.0,0.0,0.0,0.02708978391699123,0.0,0.0,0.0,0.0,0.0,0.0,0.0,0.0,0.0,0.0,0.0,0.08438510899438471,0.0,0.0,0.0,0.0,0.0,0.07334502527767402,0.0,0.06257779469290807,0.08425423974054781,0.0,0.08046105854344507,0.0,0.0,0.0516002228222493,0.0,0.0,0.0,0.0,0.0,0.0,0.0,0.0,0.0,0.0,0.0,0.0,0.0,0.0,0.061666426192159486,0.08000100781050347,0.0,0.0,0.0,0.0663360659666472,0.0663360659666472,0.0663360659666472,0.0663360659666472,0.0663360659666472,0.041624175130022235,0.0,0.0,0.0,0.0,0.0,0.0,0.0,0.0,0.0,0.0,0.0,0.0,0.0,0.0,0.04660239706484615,0.0,0.0,0.0,0.0,0.0,0.0,0.0,0.0,0.0,0.03916195489831554,0.0,0.0,0.0,0.0,0.0,0.0,0.0,0.0,0.04042416617611677,0.04042416617611677,0.0,0.0,0.0,0.0,0.0,0.0,0.0,0.0,0.0,0.0,0.0,0.0,0.0,0.0,0.0,0.08046105854344507,0.0,0.0,0.0,0.0,0.031142719324032966,0.0,0.0,0.0,0.0,0.01819368080557756,0.040113583180666934,0.0,0.0,0.0,0.07220643624739653,0.0,0.0,0.0,0.0,0.0,0.0,0.0,0.0
677814,0.0,0.05685722815555856,0.0,0.021802724895107293,0.019361079125563944,0.0,1.0,0.0,0.029312152809992924,0.0,0.19612170401183926,0.032523034745354694,0.08926569738286211,0.12835725551284072,0.0,0.1716367363536593,0.01904922945812257,0.0,0.016793557671690648,0.03191744705483486,0.045784145576156426,0.0,0.0,0.0,0.0,0.037738379510976756,0.037738379510976756,0.0,0.0,0.0,0.0,0.0,0.0,0.0,0.07770002088352396,0.0,0.0,0.0,0.0,0.0,0.0,0.0,0.0,0.0,0.0,0.0,0.0,0.0,0.0,0.0,0.0,0.0,0.0,0.0,0.0,0.0,0.0,0.0,0.0,0.0,0.0,0.0,0.0,0.0,0.0,0.0,0.0,0.0,0.0,0.0,0.13087284853758838,0.0,0.0,0.0,0.0,0.0,0.03565967319894251,0.04468486851521186,0.04468486851521186,0.02187902214551573,0.04468486851521186,0.04468486851521186,0.04468486851521186,0.04767707699631529,0.027872622116925646,0.03401171769382562,0.0,0.0,0.0,0.0,0.0,0.0,0.02850541616512283,0.0,0.0457955226462519,0.0,0.0,0.03914739491749563,0.0,0.0,0.0,0.0,0.03987895235810953,0.03388656183163482,0.03218679903768201,0.0,0.02767331177605892,0.027788458362392295,0.0,0.0,0.0,0.0,0.0,0.0,0.0,0.1843206109194229,0.0,0.0,0.11582912072016888,0.0,0.0634435396819278,0.028896661651267332,0.11270880092344529,0.0,0.0,0.0,0.06977751186844117,0.0,0.0,0.0,0.0,0.0,0.0,0.030748205517575605,0.0,0.0,0.0,0.13893937210147247,0.0,0.0,0.0,0.0,0.0,0.0,0.0,0.0,0.0,0.08879038406213823,0.0,0.0,0.0,0.0,0.0,0.0,0.13616296979435782,0.0,0.0,0.0,0.0,0.03249057502909509,0.0,0.0,0.0,0.08250945852884677,0.0,0.0,0.0,0.0,0.029288642197773877,0.0,0.032490047210095754,0.0,0.0,0.22720189542451538,0.0,0.0,0.0,0.0,0.0,0.0,0.0,0.10938820401761482,0.0,0.0,0.0,0.0,0.0,0.0,0.0,0.0,0.0,0.0,0.04225931231191231,0.0,0.0,0.0,0.0,0.0,0.24135013333618127,0.0,0.0,0.0,0.0,0.0,0.0,0.11785446511063837,0.0,0.0,0.0,0.0413038616098584,0.0,0.0,0.0,0.0,0.0,0.0,0.0,0.026014837765342226,0.0,0.0
594839,0.0,0.0,0.0,0.023288232192239317,0.04335060096437424,0.0,0.0,1.0,0.03228943021353152,0.0,0.0,0.0,0.0,0.037204148383886256,0.03345561131936284,0.033375664426145986,0.10948873286047744,0.035783197352159804,0.0,0.0,0.05083092182056997,0.027776987600940956,0.025190573106371954,0.0,0.03632797116365057,0.08491908728717229,0.08491908728717229,0.04260213236196653,0.0,0.0,0.0,0.0,0.0,0.0,0.025413633974827113,0.0,0.07092518787205575,0.0,0.0,0.0,0.0,0.1680095815388155,0.0,0.0,0.0,0.0,0.0,0.0,0.0,0.0,0.0,0.0,0.0,0.0,0.0,0.0,0.0,0.0,0.0,0.0,0.0,0.0,0.0,0.0,0.0,0.0,0.0,0.0,0.0,0.0,0.0,0.0,0.0,0.0,0.0,0.0,0.08047961641245704,0.049640281062689785,0.049640281062689785,0.0465776135167793,0.049640281062689785,0.049640281062689785,0.049640281062689785,0.053456982307359575,0.029196111826210215,0.07621236109689643,0.025230485378899926,0.0,0.0,0.0,0.0,0.0,0.0,0.0,0.0,0.0,0.05255577168738111,0.043165258742669146,0.19772947605559502,0.0,0.0,0.04085610762631588,0.0,0.0,0.0,0.0,0.0,0.0,0.0,0.0,0.0,0.07187837677873439,0.03084267365426589,0.09086099720533063,0.0,0.0,0.0,0.0,0.0,0.0,0.0,0.0,0.0,0.0,0.0,0.0,0.0,0.0,0.0,0.0,0.0,0.0,0.0,0.10445883056891475,0.0,0.0,0.0,0.04490926589401627,0.0,0.0,0.016948562793081965,0.016948562793081965,0.016948562793081965,0.016948562793081965,0.016948562793081965,0.0,0.0,0.021079596146244686,0.0,0.0,0.0,0.0,0.0,0.0,0.04605623789999277,0.0,0.0,0.0,0.0,0.033970252281942184,0.03937066825752297,0.0,0.011930631838216972,0.0,0.0,0.0,0.0,0.0,0.09734233500549155,0.0,0.033969661407750054,0.05523459959904505,0.037787187848425656,0.02853217535802385,0.10630256659983693,0.16840058243737208,0.0,0.0,0.0,0.03406621850210436,0.03406621850210436,0.0,0.0,0.0,0.0,0.0,0.0,0.0,0.0,0.0,0.0,0.0,0.0,0.0,0.0,0.0,0.0,0.0,0.0,0.06234824607962202,0.0,0.027567895181935483,0.0,0.0,0.0,0.0,0.01649193371264227,0.01771106822960482,0.01964788167313057,0.0,0.0,0.05466909736612578,0.0,0.0,0.0,0.15155011927927214,0.11752263099033843,0.0,0.0,0.0
677817,0.0,0.0,0.0,0.025761586276893903,0.0495420642542208,0.0,0.029312152809992924,0.03228943021353152,1.0,0.0,0.0,0.0,0.0,0.021028073601693134,0.0,0.0,0.02201054424163748,0.0,0.020702682539322077,0.04158022156536531,0.0,0.0,0.058496024592863766,0.0,0.0,0.0,0.0,0.0,0.0,0.0,0.03280102002430112,0.0,0.0,0.0,0.055674111290754974,0.0,0.0,0.0,0.0,0.0,0.0,0.0,0.0,0.0,0.0,0.0,0.0,0.0,0.0,0.0,0.0,0.0,0.0,0.0,0.0,0.0,0.0,0.0,0.0,0.0,0.0,0.0,0.0,0.0,0.0,0.0,0.0,0.0,0.0,0.0,0.048348888181418914,0.0,0.0,0.0,0.0,0.0,0.04358013614991204,0.05756119917686326,0.05756119917686326,0.024454734101712297,0.05756119917686326,0.05756119917686326,0.05756119917686326,0.06271228490243815,0.03161412794428018,0.041107051169196156,0.0,0.07688340692083986,0.0,0.0,0.0,0.0,0.0,0.0,0.025368827924377783,0.03500179038373125,0.0,0.0,0.0,0.0,0.0,0.0,0.04927493950151177,0.0,0.037559165688634516,0.0,0.0,0.0356455429734144,0.0,0.0,0.0,0.0,0.0,0.04939172930324754,0.0,0.03739124921598209,0.0,0.0,0.0,0.049480117866680315,0.02337777205326434,0.047615784525532875,0.0,0.0,0.0,0.042652461429702554,0.09666489738659688,0.0,0.0,0.0,0.0,0.0,0.0,0.03566203805412424,0.0,0.0,0.0,0.049265977067826344,0.09610719388295053,0.0,0.03896892250594965,0.03896892250594965,0.03896892250594965,0.03896892250594965,0.03896892250594965,0.07691263914414852,0.0,0.0,0.0,0.0,0.0,0.0,0.0,0.0,0.0,0.0,0.0,0.0,0.0,0.036715756017371995,0.0431561158015994,0.0,0.0,0.0,0.0,0.0,0.0,0.0,0.0,0.0,0.0,0.0,0.0,0.030982921814036203,0.0,0.0,0.0,0.0,0.0,0.07768732454494719,0.07768732454494719,0.0,0.0,0.0,0.0,0.03100665935709094,0.0,0.0,0.068197577750718,0.0,0.0,0.0,0.0,0.05087932657470676,0.047110368483415176,0.0,0.0,0.0,0.03882043074493611,0.0,0.0,0.029471357435417202,0.0,0.0,0.0,0.07152218178779816,0.0,0.0,0.0,0.022915312766237244,0.10414027377923019,0.0,0.0,0.0,0.0,0.0,0.0,0.03247972483101727,0.0,0.0
619562,0.0,0.0,0.0,0.0,0.0,0.05267368304358993,0.0,0.0,0.0,1.0,0.0587755602051313,0.0,0.0,0.0,0.0,0.0,0.0,0.0,0.024904922596437652,0.05277901101283903,0.0,0.0,0.0,0.0,0.0,0.0,0.0,0.0,0.0,0.05793742757821552,0.0,0.09076796828946666,0.0,0.0,0.029675278095837313,0.0,0.0,0.0,0.0,0.0,0.0,0.0,0.0,0.0,0.0,0.10635140654977333,0.0,0.0,0.0,0.0,0.0,0.0,0.0,0.0,0.0,0.0,0.0,0.0,0.0,0.0,0.0,0.0,0.0,0.05704179360903428,0.05672163828851806,0.05704179360903428,0.05672163828851806,0.05704179360903428,0.05672163828851806,0.05220737876135361,0.0,0.06286291331909447,0.05220737876135361,0.05704179360903428,0.05704179360903428,0.05704179360903428,0.0,0.0,0.0,0.0,0.0,0.0,0.0,0.0,0.0,0.0,0.0,0.0,0.0,0.0,0.0,0.0,0.0,0.0,0.0,0.0,0.0,0.0,0.0,0.0,0.08037853707451816,0.05496049277059485,0.05945320719681992,0.0,0.04310984220763752,0.05639160812849356,0.14700200224010934,0.0,0.0,0.0,0.0,0.0,0.0,0.0,0.0,0.0,0.0,0.08793231812038026,0.0,0.0,0.026546684220201178,0.0,0.0,0.0,0.0,0.0,0.0,0.0,0.057389205930160295,0.0,0.0,0.0,0.0,0.0,0.0,0.0661557329705922,0.0,0.0,0.0,0.0,0.022859656664749078,0.022859656664749078,0.022859656664749078,0.022859656664749078,0.022859656664749078,0.04545454545454546,0.0,0.0,0.0,0.0,0.0,0.0,0.0,0.0,0.0,0.0,0.0,0.048081897840741995,0.0,0.0,0.0,0.0,0.0,0.0,0.0,0.0,0.0,0.0,0.0,0.0,0.0,0.0,0.0,0.0,0.0,0.0,0.0,0.0,0.0,0.04282499650854526,0.04282499650854526,0.0,0.0,0.0,0.054954653632054894,0.03589572646841554,0.0,0.0,0.09042625539219579,0.07996100706269135,0.0,0.0,0.0,0.0,0.0,0.0,0.08793231812038026,0.0,0.0,0.0,0.0,0.0,0.0,0.07449936935143145,0.0,0.0,0.0,0.0,0.0,0.025669151896089933,0.0,0.0,0.0,0.0,0.0,0.0,0.0,0.03954583196744379,0.0,0.0
677827,0.0,0.0,0.0,0.0,0.0,0.0,0.19612170401183926,0.0,0.0,0.0587755602051313,1.0,0.0,0.04180680295047256,0.053150538733144154,0.0,0.047394340022219435,0.0,0.0,0.0,0.052586896720846585,0.0,0.0,0.0,0.0,0.0,0.0,0.0,0.0,0.0,0.0,0.0,0.0,0.0,0.0,0.059381904512889994,0.0,0.0,0.0,0.0,0.0,0.0,0.0,0.0,0.0,0.0,0.10605413309887526,0.0,0.0,0.0,0.0,0.0,0.0,0.0,0.0,0.0,0.0,0.0,0.0,0.0,0.0,0.0,0.0,0.0,0.0,0.0,0.0,0.0,0.0,0.0,0.0,0.0,0.0,0.0,0.0,0.0,0.0,0.0,0.0,0.0,0.0,0.0,0.0,0.0,0.0,0.0,0.0,0.0,0.0,0.0,0.0,0.0,0.0,0.034819970291478694,0.0,0.027734037363155602,0.0,0.0,0.0,0.0,0.0,0.0,0.0,0.0,0.04550554246227747,0.0,0.0,0.04437244399037682,0.0,0.0,0.0,0.0,0.0,0.0,0.0,0.0,0.04189735940919589,0.0,0.0,0.0,0.0,0.05328561304555835,0.0,0.0933776305039511,0.0,0.0,0.0,0.1322686297134242,0.0,0.0,0.0,0.0,0.0,0.0,0.0,0.0,0.0,0.0,0.0,0.0,0.0,0.0,0.0,0.0,0.0,0.0,0.0,0.0,0.09755962734433926,0.09450085602730432,0.0,0.0,0.0,0.0,0.0,0.1406109954730915,0.0,0.0,0.0,0.0,0.0,0.0,0.0,0.0,0.0,0.0,0.0,0.0,0.0,0.0,0.0,0.04002799440492925,0.0,0.0,0.03406471204421168,0.0,0.0,0.0,0.0,0.0,0.0,0.0,0.04167171278051394,0.0,0.0,0.0,0.035193197998692735,0.0,0.0,0.0,0.0,0.0,0.0,0.0,0.0,0.0,0.0,0.0,0.0,0.0433313514286059,0.0,0.0,0.0,0.0,0.04705469873173848,0.0,0.0,0.0,0.0,0.0,0.0,0.0,0.0,0.0,0.0,0.0,0.0,0.0,0.03911608576237037,0.08561966316133449,0.0
677842,0.0,0.017179199649607173,0.0,0.0,0.012038259238252916,0.01904805325194122,0.032523034745354694,0.0,0.0,0.0,0.0,1.0,0.0,0.0,0.0,0.0,0.013289184237994854,0.0,0.010625932669164848,0.0,0.013489021072958888,0.01639330501347542,0.030018876298631557,0.0,0.0,0.0,0.0,0.026922647171400853,0.02766905187356734,0.0,0.019882602208770056,0.0,0.0,0.0,0.0,0.0,0.0,0.0,0.0,0.0,0.0,0.0,0.0,0.0,0.0,0.0,0.0,0.0,0.0,0.0,0.0,0.0,0.0,0.0,0.0,0.0,0.0,0.0,0.0,0.0,0.0,0.0,0.0,0.0,0.0,0.0,0.0,0.0,0.0,0.0,0.0,0.0,0.0,0.0,0.0,0.0,0.0,0.0,0.0,0.0,0.0,0.0,0.0,0.0,0.0,0.0,0.0,0.0,0.0,0.0,0.0,0.0,0.0,0.0,0.0,0.02029964923025603,0.0,0.0,0.0,0.03908266441710599,0.0,0.0,0.0,0.02280702274738847,0.022085729299647243,0.0,0.016538915838258922,0.0,0.04470818901094427,0.0,0.0,0.0,0.0,0.024877389986319588,0.0,0.0,0.0,0.0,0.0,0.0,0.0,0.03443043000947796,0.0,0.0,0.0,0.025838701556989547,0.0,0.0,0.0,0.0,0.0,0.0,0.05514014715766712,0.0,0.0,0.03048108847532495,0.0,0.0,0.0,0.0,0.009959699138023179,0.009959699138023179,0.009959699138023179,0.009959699138023179,0.009959699138023179,0.018074548182453562,0.0,0.0,0.0,0.043157261559249586,0.0,0.0,0.0,0.0,0.0,0.0,0.05056449045363704,0.0,0.0,0.02351686223682906,0.025723595357605662,0.0,0.0,0.0,0.0,0.0,0.0,0.0,0.0,0.0,0.0,0.0,0.0,0.0,0.0,0.0,0.0,0.0,0.0,0.0,0.0,0.0,0.0,0.0,0.0,0.017748030261306315,0.0,0.0,0.0,0.0,0.0,0.0,0.0,0.028669239343751242,0.0,0.0,0.0,0.0,0.0,0.0,0.0,0.0,0.01923464325007262,0.015064443878625685,0.0,0.0,0.09641301037287717,0.027237424528277807,0.01452167378628981,0.029630591251122895,0.0,0.0,0.0,0.0,0.0,0.0,0.0,0.016170719545885302,0.0,0.0
677832,0.0,0.0,0.0,0.0750829624649039,0.018913972932280122,0.0,0.08926569738286211,0.0,0.0,0.0,0.04180680295047256,0.0,1.0,0.0731454714298456,0.0,0.06482423512239395,0.014549032472510347,0.035720988648574516,0.01574425932719636,0.0,0.023718718085256635,0.0,0.021205351369913337,0.07157405091815043,0.0,0.0,0.0,0.0,0.0,0.03521598555764307,0.0,0.0,0.0,0.0,0.0,0.0,0.07053793690647961,0.0,0.0,0.03161703240367518,0.0,0.0,0.0,0.0,0.0,0.0,0.0,0.0,0.0,0.0,0.0,0.0,0.0,0.0,0.0,0.0,0.0,0.0,0.0,0.0,0.0,0.0,0.0,0.03428538826410261,0.03396646609872862,0.03428538826410261,0.03396646609872862,0.03428538826410261,0.03396646609872862,0.03091336057811845,0.03428538826410261,0.03848312549432535,0.0,0.03428538826410261,0.03428538826410261,0.03428538826410261,0.0,0.0,0.0,0.0,0.0,0.0,0.0,0.0,0.0,0.0,0.016127491416292845,0.03011779629238709,0.0,0.0,0.0,0.022652012120487078,0.0,0.0,0.016135333157548157,0.0,0.0,0.0,0.0,0.0,0.0,0.0,0.0,0.0,0.0,0.0,0.029892809440852174,0.0,0.0,0.0,0.06999464181006568,0.06825931225671307,0.0423694112411302,0.0,0.0,0.07842424856131562,0.0,0.11726220654582728,0.12773407650138469,0.0,0.031191671098169668,0.0,0.02612086970101537,0.0,0.017927135607581874,0.0,0.0,0.0,0.0,0.023870302906888876,0.0,0.0,0.0,0.023556239235974927,0.0,0.0,0.0,0.032418488119167824,0.0,0.0,0.04427471940480454,0.04427471940480454,0.04427471940480454,0.04427471940480454,0.04427471940480454,0.09348333696351642,0.0,0.02536392170963142,0.026070512547855255,0.05322669679797053,0.0,0.0,0.0,0.0,0.04322649418467586,0.0,0.0,0.0,0.0,0.0,0.0,0.0,0.0,0.030547131398739127,0.0,0.0,0.0,0.0,0.0,0.0,0.0,0.0,0.0,0.0620885473715015,0.0,0.0,0.0,0.0,0.0,0.0,0.0,0.023956201829097752,0.0,0.0,0.0,0.0,0.0,0.0,0.0,0.0,0.0,0.0,0.0,0.0,0.0,0.0,0.05538388499227631,0.04331073465775926,0.11076938268317436,0.0,0.0,0.017926820692421082,0.02080647758932893,0.0,0.0,0.058311636717674746,0.010221619339817948,0.011130390713564888,0.025577912348889353,0.014576776399953742,0.0,0.0,0.0,0.0,0.0,0.0,0.0,0.0,0.0,0.03779803460311891
677836,0.0782882399628274,0.019567267906957484,0.0,0.014490046100558773,0.013768917994425882,0.0,0.12835725551284072,0.037204148383886256,0.021028073601693134,0.0,0.053150538733144154,0.0,0.0731454714298456,1.0,0.0,0.11979899311975521,0.0,0.04866323766273023,0.011778402591181182,0.023723562011735803,0.10682700765582838,0.0,0.0,0.0,0.06871451964071934,0.0,0.0,0.0,0.0,0.02728850764610393,0.0,0.0,0.0,0.0814205884689193,0.01500759035539591,0.0,0.0,0.0,0.0,0.0,0.0,0.0,0.0,0.0,0.0,0.0,0.0,0.0,0.0,0.0,0.0,0.0,0.0,0.0,0.0,0.0,0.0,0.0,0.0,0.0,0.0,0.0,0.0,0.0,0.0,0.0,0.0,0.0,0.0,0.0,0.08571428571428573,0.0,0.0,0.0,0.0,0.0,0.024488009565297845,0.03251519800998071,0.03251519800998071,0.12033824373235384,0.03251519800998071,0.03251519800998071,0.03251519800998071,0.0,0.07426939803496903,0.023069495822280624,0.0,0.02105030382425268,0.03891156462585034,0.0,0.0,0.05971193468095541,0.03625923129662793,0.0740560006423286,0.07499999999999998,0.0,0.0,0.0,0.028030584526850595,0.0,0.0,0.0,0.0,0.0,0.02095829766484069,0.0,0.0,0.0,0.0,0.0,0.0,0.0,0.0,0.057142587727656416,0.0,0.06528832661079491,0.0,0.0,0.23859065184920605,0.0,0.054524288146146245,0.01722762881228373,0.045737600431973384,0.0,0.08736850091647821,0.0,0.0,0.0,0.0,0.0,0.0,0.0,0.0,0.0,0.0,0.031249709950578276,0.0,0.08670844768945006,0.016666584159127862,0.04658857961144509,0.021971583507196413,0.021971583507196413,0.021971583507196413,0.021971583507196413,0.021971583507196413,0.0,0.0,0.050434004759542364,0.0,0.016116495762048454,0.0,0.0,0.0,0.0,0.1706705870404746,0.04012158427708248,0.0,0.0,0.0,0.0,0.0,0.0,0.11275900805731102,0.21211781814873176,0.0,0.0,0.0,0.0,0.0,0.0,0.1108496178107984,0.0,0.022638632938466123,0.11334291036517555,0.0,0.0,0.0,0.07410279598791653,0.0,0.042598489704218076,0.042598489704218076,0.043363994743758204,0.0,0.0,0.0,0.035398704909752166,0.0,0.0,0.0,0.0,0.0,0.0,0.15216333146428904,0.028315890052703366,0.026041521945368483,0.0,0.0,0.03429441596680634,0.11833600018523915,0.0,0.0,0.016332384949382283,0.017721045008655303,0.0,0.0,0.13087189923229725,0.0,0.010408441901965585,0.011623586072918645,0.06742512999604741,0.028040188961025572,0.0,0.0,0.0,0.0612243248322639,0.0,0.0,0.037552155236355404,0.0,0.029243037987268957
677838,0.04529426137015257,0.1605143349737048,0.0,0.054630042701073946,0.0,0.0,0.0,0.03345561131936284,0.0,0.0,0.0,0.0,0.0,0.0,1.0,0.03999475842125918,0.0,0.04341262020251711,0.02145124030535165,0.0,0.061329790070144614,0.03239721364367575,0.02943176976370789,0.0,0.0,0.0,0.0,0.0,0.0,0.05045408678102925,0.0,0.0,0.0,0.0,0.027776184430536838,0.0,0.0,0.0,0.0,0.0,0.0,0.0,0.0,0.0,0.0,0.0,0.0,0.058474596277068865,0.0,0.0,0.0,0.0,0.0,0.0,0.0,0.0,0.0,0.0,0.0,0.0,0.0,0.0,0.0,0.0,0.0,0.0,0.0,0.0,0.0,0.0,0.0,0.0,0.0,0.0,0.0,0.0,0.094539773619859,0.0,0.0,0.05152233386778009,0.0,0.0,0.0,0.0,0.0,0.0888341382565044,0.0,0.0,0.0,0.0,0.0,0.0,0.06815419338053381,0.0,0.11319776956506146,0.0,0.0,0.0,0.0,0.0,0.0,0.047666830074371634,0.0,0.0,0.0,0.0,0.0,0.0,0.0,0.0,0.0,0.0,0.07074170342151385,0.0,0.0,0.0,0.09868312301679318,0.0,0.0,0.0,0.02407219458554591,0.0,0.0,0.0,0.0,0.043939049289060936,0.0,0.0,0.0,0.0,0.0,0.0,0.0,0.0,0.0,0.0,0.0,0.0,0.03088394765593917,0.0,0.019790551915205016,0.019790551915205016,0.019790551915205016,0.019790551915205016,0.019790551915205016,0.0,0.0,0.09661380082547308,0.13893302652191877,0.0,0.0,0.0,0.0,0.0,0.0,0.0,0.0,0.0,0.0,0.0,0.0,0.0,0.0,0.0,0.0,0.0,0.0,0.10703907465269406,0.0,0.0,0.0,0.0,0.0,0.0,0.0,0.0,0.0,0.0,0.0,0.0,0.0,0.03938053388118827,0.0,0.0,0.04885498195513406,0.0,0.0,0.0,0.0,0.0,0.05058224979456953,0.0,0.0,0.0,0.0,0.0,0.0,0.0,0.0,0.0,0.0,0.0,0.0,0.02218047012650199,0.0,0.0,0.0,0.0,0.0,0.07417409841884658,0.0,0.0,0.0,0.048381919885182395,0.0,0.0,0.0,0.0,0.07400547978711741,0.0
26779,0.0,0.0,0.0,0.0,0.0,0.0,0.1716367363536593,0.033375664426145986,0.0,0.0,0.047394340022219435,0.0,0.06482423512239395,0.11979899311975521,0.03999475842125918,1.0,0.0,0.0,0.0,0.0,0.09495743618152117,0.0,0.0,0.0,0.0,0.0,0.0,0.0,0.053965368127468924,0.0,0.0,0.0,0.0,0.0,0.0,0.0,0.0,0.0,0.0,0.0,0.0,0.0582528070351636,0.0,0.0,0.0,0.0,0.0,0.0,0.0,0.0,0.0,0.0,0.0,0.0,0.0,0.0,0.0,0.0,0.0,0.0,0.0,0.0,0.0,0.0,0.0,0.0,0.0,0.0,0.0,0.0,0.04980898187829334,0.0,0.0,0.0,0.0,0.0,0.09424246873502087,0.0,0.0,0.05106274486374254,0.0,0.0,0.0,0.0,0.0,0.08848638323324406,0.0,0.0,0.1550703209504218,0.0,0.0,0.07278633043154549,0.03267711651894252,0.0,0.08188012455518878,0.0,0.0,0.10863583916201451,0.051549471469410905,0.0,0.0,0.0,0.0,0.041106130453000746,0.0,0.0,0.0,0.0,0.0,0.0,0.0,0.0,0.033873239865440614,0.0,0.0,0.0796608104447,0.0,0.0,0.16063586770240626,0.0,0.02391036376678554,0.0,0.041137953152209174,0.0,0.06176504148695874,0.0,0.0,0.0,0.0,0.0,0.0,0.07979762609248417,0.0,0.036513048126364855,0.0,0.0,0.0,0.10628315881546085,0.0,0.0,0.019741907292888865,0.019741907292888865,0.019741907292888865,0.019741907292888865,0.019741907292888865,0.0,0.0,0.04551635300548464,0.04204871327946855,0.029585983288057803,0.0,0.0,0.0,0.0,0.05531332603517809,0.0,0.0,0.0,0.0,0.0,0.044192273389264194,0.06536422354012021,0.0,0.09925490037450659,0.0,0.0,0.0,0.0,0.0,0.0,0.0,0.0,0.0,0.1811126550578712,0.0,0.0,0.0,0.0,0.0,0.038304712982337674,0.038304712982337674,0.0812758264194263,0.0,0.0,0.0,0.0,0.05228272385562364,0.0,0.0,0.0,0.0,0.0,0.0,0.0,0.04809152618648045,0.0,0.0,0.0,0.29760114832819545,0.0,0.0,0.0,0.0,0.021962782796674005,0.0,0.0745009815314911,0.0,0.0,0.0,0.07356430682760887,0.0,0.0,0.0,0.0,0.0,0.05228272385562364,0.04030110832805217,0.0,0.0,0.0
100124538,0.07598482763739738,0.0,0.0,0.0,0.014677587006095654,0.023710565127190202,0.01904922945812257,0.10948873286047744,0.02201054424163748,0.0,0.0,0.013289184237994854,0.014549032472510347,0.0,0.0,0.0,1.0,0.023619189492805323,0.06777284109620976,0.04799729018849977,0.05172659522621037,0.0,0.036300488739229184,0.04564357434483924,0.0,0.0,0.0,0.0,0.0,0.0,0.0722871663116376,0.0,0.0,0.0,0.020804507060794883,0.0,0.09717501789350615,0.0,0.0,0.06542503386732391,0.0,0.07493995012799018,0.0,0.0,0.0,0.04529614075745981,0.038648990596816375,0.036116683821798126,0.038648990596816375,0.0,0.041709390168652265,0.09261207031365451,0.0,0.0,0.0,0.0,0.0,0.0,0.0,0.0,0.041709390168652265,0.0,0.0,0.0,0.0,0.0,0.0,0.0,0.0,0.0,0.0,0.0,0.0,0.0,0.0,0.0,0.0,0.0,0.0,0.0,0.0,0.0,0.0,0.0,0.022875980257958794,0.0,0.08839349592190399,0.0,0.0,0.0,0.0,0.0,0.023571559563010748,0.0,0.018391892175359952,0.0748531909930894,0.0,0.0,0.029086177369389656,0.0,0.0,0.0,0.0,0.0,0.0,0.0,0.0,0.0,0.0,0.0,0.04668595282229341,0.04771719509508438,0.10561944266397882,0.03023321941559412,0.0,0.0,0.0,0.0,0.0,0.0,0.0,0.012256258345630832,0.0,0.0,0.045760002631560846,0.0,0.0,0.0,0.0,0.0,0.0,0.02790132223413228,0.0,0.02473686122064996,0.0,0.0,0.0,0.0,0.023034961421622598,0.0,0.012004890098102088,0.012004890098102088,0.012004890098102088,0.012004890098102088,0.012004890098102088,0.0,0.0,0.0,0.0,0.0,0.0,0.0,0.0,0.0,0.0,0.0,0.0,0.0,0.0,0.0,0.0,0.0,0.0,0.0,0.0,0.0,0.0,0.0,0.10508860488918959,0.1273909578307686,0.0,0.039951110615156486,0.029679554324170077,0.0,0.03589177433479976,0.03589177433479976,0.0,0.0,0.0,0.0,0.0,0.0,0.0,0.0,0.0,0.04260166307513885,0.0,0.0,0.0,0.0,0.030919462370912427,0.0,0.0,0.07001850386381464,0.03386741664051795,0.0,0.04267113564938936,0.0,0.08545468674290264,0.04243627091106037,0.0,0.07025132390409959,0.022242227753206334,0.01670255916372023,0.0,0.0,0.057961640501972146,0.06178569405372062,0.0327639224635296,0.01663684826643898,0.0,0.07549380780064553,0.0,0.0,0.0,0.10883282657181109,0.08973793748731937,0.0,0.0,0.0
26775,0.0,0.0,0.0,0.0,0.0,0.0,0.0,0.035783197352159804,0.0,0.0,0.0,0.0,0.035720988648574516,0.04866323766273023,0.04341262020251711,0.0,0.023619189492805323,1.0,0.022972241455556888,0.0,0.0,0.0,0.0,0.0,0.0,0.0,0.0,0.0,0.0,0.0,0.0,0.0,0.0,0.0,0.0,0.0,0.0,0.09533556793044434,0.0,0.0,0.0,0.0,0.0,0.0,0.0,0.0,0.0,0.0,0.0,0.0,0.0,0.0,0.0,0.0,0.0,0.0,0.0,0.0,0.0,0.0,0.0,0.0,0.0,0.0,0.0,0.0,0.0,0.0,0.0,0.0,0.0,0.0,0.0,0.0,0.0,0.0,0.0,0.0,0.0,0.053024039464737036,0.0,0.0,0.0,0.0,0.0,0.0,0.0,0.04180759226969971,0.0,0.0,0.0,0.0,0.03397068530174504,0.0,0.0,0.0,0.0,0.0558710060564628,0.0,0.0,0.0,0.0,0.0,0.0,0.0,0.0,0.0,0.0,0.0,0.0,0.0,0.0,0.0,0.0,0.0,0.0,0.0,0.0,0.0,0.0,0.0,0.0,0.0,0.0,0.0,0.0,0.0,0.0,0.0,0.0,0.0,0.0,0.0,0.0,0.0,0.0,0.0,0.0,0.0,0.0,0.0,0.0,0.0,0.0,0.0,0.0,0.0,0.0,0.0,0.03039314096056346,0.0,0.0,0.0,0.0,0.0,0.0,0.0,0.0,0.0,0.0,0.0,0.0,0.0,0.0,0.0,0.0,0.0,0.0,0.0,0.0,0.0,0.06765761513368429,0.043438914407840534,0.033038164018692515,0.0,0.0,0.0,0.0,0.0,0.08392467630165348,0.08392467630165348,0.0,0.0,0.05042602232074946,0.0,0.03361659301202292,0.0,0.0,0.0,0.0,0.0,0.0,0.0,0.0,0.05018177673567948,0.0,0.0,0.0,0.0,0.0,0.0,0.0,0.034044946352947345,0.0,0.0,0.0,0.018088451534676347,0.019553047964678407,0.044821994444538764,0.0,0.0,0.0,0.0,0.0,0.0,0.11715339770685136,0.04209095933551754,0.0,0.0,0.05763930244092439
6080,0.023792876682685638,0.03959186168649505,0.0,0.0,0.013642853860672923,0.0,0.016793557671690648,0.0,0.020702682539322077,0.024904922596437652,0.0,0.010625932669164848,0.01574425932719636,0.011778402591181182,0.02145124030535165,0.0,0.06777284109620976,0.022972241455556888,1.0,0.0,0.015953235495870133,0.03620969214248543,0.0,0.1471529183973414,0.0,0.0,0.0,0.0,0.0,0.0,0.0,0.038395422149869136,0.0,0.0,0.01612246641392262,0.0,0.0,0.0,0.0,0.02694692717477537,0.0,0.0,0.0,0.0,0.0,0.0,0.035302823378439346,0.0,0.0,0.0,0.039372454261368164,0.0,0.0,0.0,0.0,0.06207637303788389,0.0,0.0,0.0,0.0,0.0,0.0,0.0,0.0,0.0,0.0,0.0,0.0,0.0,0.0,0.0,0.0,0.0,0.0,0.0,0.0,0.0,0.0,0.0,0.0,0.0,0.0,0.0,0.0,0.018550319292712635,0.0,0.049598978726563145,0.020629614392188744,0.03669711653023564,0.0,0.0,0.019923130856411505,0.018877776897761996,0.0,0.0,0.0,0.0,0.0,0.0,0.05720488028658731,0.0,0.0,0.0,0.0,0.02173054831277342,0.0,0.0,0.0,0.0,0.0,0.04512703280399939,0.04551169586747123,0.0831543813177871,0.027703159891705926,0.0,0.0,0.0,0.0,0.0,0.0,0.07228607298420299,0.0,0.023386141059635625,0.0,0.017485616270812687,0.0,0.0,0.0,0.02868886101228888,0.0,0.0,0.0,0.029673555579095897,0.0,0.0,0.0,0.03962477854506838,0.0,0.01788860385407927,0.0,0.04506153969872785,0.033420250729189534,0.033420250729189534,0.04506153969872785,0.033420250729189534,0.0,0.0,0.0,0.0,0.0,0.0,0.0,0.0,0.0,0.0,0.0,0.0,0.0,0.0,0.0,0.0,0.0,0.0,0.0,0.0,0.0,0.0,0.0,0.0,0.07311751021171073,0.0,0.0,0.0,0.0,0.0,0.0,0.0,0.0,0.0,0.021658735686835257,0.021658735686835257,0.0,0.0,0.0,0.027117889945049413,0.017899234076923842,0.0,0.0,0.0,0.11178516037912921,0.0,0.0,0.028295971693687628,0.0,0.0,0.03512717549139632,0.0,0.07244650134515733,0.04606482204335812,0.0,0.0,0.01748536921052502,0.018493943819116704,0.026170953351580435,0.0,0.0,0.10293248144960501,0.05892917660609314,0.012489476786274559,0.013496069978766189,0.0,0.0,0.0,0.0,0.10508106183850048,0.0,0.0,0.0,0.0,0.0
677823,0.05001772134434832,0.03846153846153846,0.0,0.027777777777777776,0.0,0.0,0.03191744705483486,0.0,0.04158022156536531,0.05277901101283903,0.052586896720846585,0.0,0.0,0.023723562011735803,0.0,0.0,0.04799729018849977,0.0,0.0,1.0,0.0,0.0,0.031306769730371255,0.0,0.0,0.0,0.0,0.0,0.0,0.0,0.0,0.0,0.0,0.0,0.0,0.0,0.0,0.0,0.0,0.0,0.0,0.0,0.0,0.0,0.0,0.09530695126381705,0.0,0.0,0.0,0.0,0.0,0.0,0.0,0.0,0.0,0.0,0.0,0.15192109678051136,0.0,0.0,0.0,0.0,0.0,0.0,0.0,0.0,0.0,0.0,0.0,0.0,0.0,0.0,0.0,0.0,0.0,0.0,0.0,0.0,0.0,0.0,0.0,0.0,0.0,0.0,0.0,0.0,0.027822403366134976,0.0,0.0,0.0,0.0,0.0,0.0,0.0,0.02672984626754888,0.2777040448859214,0.0,0.0,0.0,0.0,0.0,0.0,0.0,0.0,0.0,0.0,0.08429835653162394,0.0,0.0,0.09526995346620987,0.0,0.0,0.03487424469326935,0.0,0.0,0.0,0.0,0.0,0.0,0.055123701126270394,0.0,0.03213380070325267,0.0,0.0,0.0,0.0,0.0,0.0,0.0,0.0,0.0,0.0,0.0,0.0,0.0,0.0,0.0,0.0,0.031258255100434576,0.0,0.02105174594556588,0.02105174594556588,0.02105174594556588,0.02105174594556588,0.02105174594556588,0.041481926187771176,0.0,0.022422878471841035,0.043454655981525,0.0,0.11929843910744355,0.0,0.0,0.0,0.0,0.0,0.0,0.0,0.0,0.0,0.0,0.0,0.01241867718996926,0.0,0.0,0.0,0.0,0.0,0.0,0.0,0.0,0.0,0.0,0.0,0.0,0.0,0.13024796661203844,0.0,0.0,0.0,0.0,0.04024444870269139,0.0,0.0,0.0,0.03339526083686286,0.0,0.07093271015190046,0.0,0.0,0.0,0.0,0.0,0.0,0.04973113420486386,0.0,0.0,0.0,0.0,0.0,0.0,0.0,0.033775251787530464,0.022412355213713136,0.0,0.0,0.0,0.0,0.0,0.04946676443157072,0.0,0.0,0.07224719241095176,0.0,0.03862154644604146,0.0,0.0,0.0,0.0,0.0
677847,0.0,0.0,0.03237793682362615,0.019600267809644786,0.10090630743352422,0.032410268533847174,0.045784145576156426,0.05083092182056997,0.0,0.0,0.0,0.013489021072958888,0.023718718085256635,0.10682700765582838,0.061329790070144614,0.09495743618152117,0.05172659522621037,0.0,0.015953235495870133,0.0,1.0,0.023982146182611245,0.021816314840105478,0.0,0.0,0.0,0.0,0.035614280473397944,0.0398121169019761,0.12030683988927438,0.05076818073461703,0.05475758352510261,0.0,0.0,0.02023406629195256,0.0,0.0,0.0,0.0,0.035420523534094195,0.0,0.042908157666789265,0.0,0.0,0.0,0.06371446783029079,0.048286082377402326,0.04290815766678928,0.048286082377402326,0.0,0.05493762372739578,0.06336964156617778,0.0,0.0,0.0,0.0,0.0,0.0,0.0,0.0,0.05493762372739578,0.0,0.0,0.0,0.0,0.0,0.0,0.0,0.0,0.0,0.07630245406308228,0.0,0.0,0.0,0.0,0.0,0.033293138334244056,0.0,0.0,0.018354255405703034,0.0,0.0,0.0,0.0,0.02376728235057731,0.031331420559764275,0.0,0.0,0.0,0.0,0.0,0.05319509075371605,0.13308463246303248,0.0,0.08104488936012355,0.026514995859674616,0.048311204422946195,0.0,0.0,0.0,0.0,0.03513300230298563,0.0,0.0,0.0,0.0,0.0,0.0,0.0,0.0,0.0,0.0,0.0,0.03783999417898002,0.04307125484793492,0.028248831798790546,0.0,0.0,0.18521103597998892,0.0,0.054995803551188195,0.0,0.0,0.03734731369441706,0.04506439063743053,0.03210600420686853,0.0,0.0,0.0,0.0,0.0,0.02819192446745985,0.0,0.0,0.0,0.0,0.0,0.07703367017850982,0.0,0.0,0.0,0.0,0.0,0.0,0.0,0.0,0.0,0.01633644890445971,0.030905541947875433,0.0,0.0,0.0,0.0,0.0,0.0,0.0,0.0,0.0,0.0,0.0,0.0,0.0,0.0,0.11216888221028254,0.0,0.0,0.0,0.0,0.0,0.1005984315208394,0.0,0.0,0.0,0.04777100544578973,0.0,0.0,0.0,0.0,0.09448100242109965,0.0,0.0,0.0,0.0,0.0,0.0357996687627087,0.0,0.03848749947061926,0.0,0.0,0.0,0.07735223512954541,0.0,0.0,0.0,0.0,0.0,0.0,0.04674194493957367,0.06034177161203514,0.054765795097708625,0.0,0.04506533626953127,0.02396827765502571,0.016176862346971087,0.0,0.11637504873600858,0.012978633503961738,0.014003927742810526,0.03180355772060611,0.09270852084881404,0.03827118100036817,0.0,0.04886348524280443,0.0,0.0,0.0,0.0,0.025035109409687815,0.054335322463647626,0.0
677798,0.0,0.029390424689274795,0.0,0.02275422507813691,0.0,0.03462929570725001,0.0,0.027776987600940956,0.0,0.0,0.0,0.01639330501347542,0.0,0.0,0.03239721364367575,0.0,0.0,0.0,0.03620969214248543,0.0,0.023982146182611245,1.0,0.024501092269050374,0.0,0.0,0.039682165751709506,0.039682165751709506,0.08688160518327843,0.0,0.0,0.0,0.0,0.08913643267327749,0.0,0.0,0.0,0.0,0.0,0.0,0.0,0.0,0.0,0.0,0.0,0.0,0.0,0.0,0.0,0.0,0.0,0.0,0.0,0.0,0.0,0.0,0.09314648069501896,0.0,0.0,0.0,0.0,0.0,0.0,0.0,0.04214285527747289,0.04209569876402416,0.04214285527747289,0.04209569876402416,0.04214285527747289,0.04209569876402416,0.03938363507429249,0.04214285527747289,0.045317825256120346,0.03938363507429249,0.04214285527747289,0.04214285527747289,0.04214285527747289,0.0,0.0,0.0,0.0,0.0,0.0,0.0,0.0,0.0,0.0,0.024882291317961335,0.06425796612448051,0.05514486834698569,0.0,0.0,0.0,0.02923787622617808,0.0,0.023023421947169727,0.03105505778870999,0.0,0.0,0.0,0.0,0.0,0.039752258202388605,0.0,0.0,0.0,0.0,0.0,0.0,0.03581274565027459,0.0,0.0,0.0,0.0,0.042195732872057745,0.04908464425910043,0.0,0.0,0.0,0.0,0.0,0.042882373711298175,0.0,0.0,0.0,0.0,0.0,0.0,0.0,0.0,0.03291792644398912,0.042181989327949934,0.0,0.0,0.0,0.09211737855342499,0.0,0.0,0.0,0.0,0.0,0.016485819870266805,0.016485819870266805,0.016485819870266805,0.016485819870266805,0.016485819870266805,0.03135689017198792,0.0,0.0,0.0,0.0,0.0,0.0,0.0,0.0,0.044565106228577525,0.0,0.0,0.0,0.0,0.0,0.0,0.0,0.0,0.0,0.0,0.0,0.0,0.0,0.0,0.0,0.0,0.0,0.0,0.028001670783802175,0.0,0.0,0.0,0.11247357140390986,0.0,0.0,0.0,0.0,0.0,0.0,0.0,0.0,0.0,0.0,0.0,0.05254511002530634,0.0,0.0,0.0,0.0,0.0,0.0,0.0,0.05384071497392062,0.0,0.060406466428772204,0.0,0.0,0.05862386680498331,0.06265217870124212,0.0,0.0,0.0,0.0,0.0,0.0,0.0,0.0,0.0,0.04152234921069896,0.0,0.0,0.0,0.027659526542575943,0.0,0.0
652966,0.03250987885558802,0.11599360831023081,0.0,0.08777698882947006,0.0,0.10084246793221946,0.0,0.025190573106371954,0.058496024592863766,0.0,0.0,0.030018876298631557,0.021205351369913337,0.0,0.02943176976370789,0.0,0.036300488739229184,0.0,0.0,0.031306769730371255,0.021816314840105478,0.024501092269050374,1.0,0.0,0.0,0.0,0.0,0.07811979657125065,0.0,0.0,0.05457330353948574,0.0,0.0,0.0,0.0,0.0,0.0,0.0,0.0,0.0,0.0,0.0,0.0,0.0,0.0,0.0,0.0,0.0,0.0,0.0,0.0,0.0,0.0,0.0,0.0,0.0,0.0,0.0,0.0,0.0,0.0,0.0,0.0,0.0,0.0,0.0,0.0,0.0,0.0,0.0,0.0,0.0,0.0,0.0,0.0,0.0,0.0,0.0,0.0,0.0,0.0,0.0,0.0,0.0,0.0,0.0,0.0,0.0,0.0,0.0,0.0,0.0,0.0,0.0,0.08860280196895115,0.05774278215223097,0.15208765440991998,0.0,0.0,0.0,0.0,0.0,0.0,0.0,0.0,0.0,0.05555555555555556,0.0,0.0,0.0,0.0,0.0,0.027320007889518525,0.0,0.0,0.062086007653489074,0.0,0.0,0.0,0.03818739487327731,0.0,0.05392670066168252,0.0,0.0,0.0,0.0,0.0,0.0,0.0,0.0,0.0,0.0,0.0,0.0,0.0,0.0,0.05490815120006826,0.0,0.025032043104033435,0.0,0.014964612730815402,0.014964612730815402,0.014964612730815402,0.014964612730815402,0.014964612730815402,0.02847308172061964,0.07217929777024881,0.03822187932777902,0.06961344630817547,0.0,0.0,0.0,0.0,0.0,0.0,0.0,0.030318169276860988,0.0,0.0,0.0,0.0,0.0,0.0,0.0,0.0,0.0,0.0,0.0,0.0554935626460853,0.0,0.03007147728595596,0.04862142716055934,0.03343446589820638,0.0,0.0,0.0,0.0,0.0,0.0,0.0,0.0,0.0,0.0,0.0,0.0,0.024794204330578468,0.0,0.0,0.04996441945303498,0.0,0.0,0.0,0.0,0.0,0.0,0.0,0.05478100556842224,0.04862142716055934,0.03132712257075149,0.11572743352005915,0.0,0.024448678944367065,0.0,0.0,0.0,0.0,0.0,0.0,0.0174462294214444,0.0,0.0,0.0,0.0,0.03748447544969893,0.0,0.0,0.0,0.02511086250514952,0.0,0.0
594837,0.0,0.0,0.0,0.0,0.052788709518502945,0.0,0.0,0.0,0.0,0.0,0.0,0.0,0.07157405091815043,0.0,0.0,0.0,0.04564357434483924,0.0,0.1471529183973414,0.0,0.0,0.0,0.0,1.0,0.0,0.0,0.0,0.0,0.0,0.0,0.0,0.0,0.0,0.0,0.0,0.0,0.0,0.0,0.0,0.10072299796451738,0.0,0.0,0.0,0.0,0.0,0.0,0.14343763846717072,0.0,0.0,0.0,0.16705214746114344,0.0,0.0,0.0,0.0,0.0,0.0,0.0,0.0,0.0,0.0,0.0,0.0,0.0,0.0,0.0,0.0,0.0,0.0,0.0,0.0,0.0,0.0,0.0,0.0,0.0,0.0,0.0,0.0,0.0,0.0,0.0,0.0,0.0,0.0,0.0,0.0543053318296147,0.0,0.0,0.0,0.0,0.07212985347081749,0.0,0.0,0.0,0.0,0.0,0.0,0.0,0.0,0.0,0.0,0.0,0.0,0.0,0.0,0.0,0.0,0.0,0.0,0.19975577052789117,0.19898077477267406,0.06857154410570059,0.0,0.0,0.0,0.0,0.0,0.0,0.0,0.0,0.0,0.0,0.0,0.0,0.0,0.0,0.0,0.0,0.0,0.0,0.0,0.0,0.0,0.0,0.0,0.0,0.0,0.0,0.0,0.0,0.0,0.0,0.0,0.0,0.0,0.0,0.0,0.0,0.0,0.0,0.0,0.0,0.0,0.0,0.0,0.0,0.0,0.0,0.0,0.0,0.0,0.0,0.0,0.0,0.0,0.0,0.0,0.0,0.0,0.0,0.0,0.0,0.0,0.0,0.0,0.0,0.0,0.0,0.0,0.0,0.0,0.0,0.0,0.0,0.0656874294852687,0.0,0.0,0.0,0.0,0.0,0.0,0.0,0.0,0.0,0.0,0.0,0.13672854510727106,0.082000507743082,0.0,0.0,0.0,0.0,0.0,0.0,0.0,0.0,0.0,0.0,0.04700091448870882,0.0,0.0,0.0,0.0,0.0,0.0,0.0,0.0,0.0,0.0
26771,0.0,0.0,0.0,0.0,0.0,0.0,0.0,0.03632797116365057,0.0,0.0,0.0,0.0,0.0,0.06871451964071934,0.0,0.0,0.0,0.0,0.0,0.0,0.0,0.0,0.0,0.0,1.0,0.0,0.0,0.0,0.0,0.05668880410362372,0.0,0.0,0.0,0.0,0.08141373143156644,0.0,0.0,0.0,0.0,0.0,0.0,0.0,0.0,0.0,0.0,0.0,0.07065464410297798,0.0,0.0,0.0,0.0,0.0,0.0,0.0,0.0,0.0,0.0,0.0,0.0,0.0,0.0,0.0,0.0,0.0,0.0,0.0,0.0,0.0,0.0,0.0,0.0,0.0,0.0,0.0,0.0,0.0,0.10518823696939278,0.059523165427053194,0.059523165427053194,0.07022191427981418,0.059523165427053194,0.059523165427053194,0.059523165427053194,0.0,0.0,0.10130767405330436,0.0,0.0,0.0,0.0,0.0,0.043970087325011634,0.0,0.22347818432308303,0.0,0.0,0.12825682612711511,0.0,0.0,0.0,0.0,0.0,0.0,0.0,0.0,0.057667810459391546,0.0,0.0,0.0,0.0,0.1852972250430006,0.0,0.0,0.054870178235009635,0.0,0.0,0.0,0.0,0.0,0.0,0.0,0.0,0.0,0.0,0.0420083132826483,0.05555555555555557,0.0,0.0,0.0,0.0,0.0,0.05238871476168047,0.0,0.0456996230629691,0.0,0.0,0.0,0.06331917186372756,0.0,0.0,0.0,0.0,0.0,0.0,0.0,0.0,0.0,0.03488480612268216,0.0,0.0,0.10255395564453264,0.0,0.0,0.0,0.05579382442647006,0.0,0.0,0.0,0.0,0.0,0.0,0.0,0.04193724388725961,0.05892106166709221,0.0,0.0,0.0,0.0,0.0,0.0,0.04999932998100516,0.0,0.055587296049707836,0.0,0.0,0.0,0.0,0.0,0.0,0.0,0.0,0.052526704455039624,0.0,0.05871462457983478,0.0,0.0,0.06250000000000001,0.14926659326721434,0.0,0.0,0.0,0.0,0.06340414577763172,0.0,0.0,0.0,0.0,0.0,0.0,0.0,0.0,0.0,0.0,0.0,0.0,0.0,0.0,0.0,0.0,0.0,0.0,0.06568166462951998,0.0,0.0,0.0,0.0,0.0,0.0,0.07951528390020186,0.0
692234,0.0,0.0,0.0,0.0,0.0,0.0,0.037738379510976756,0.08491908728717229,0.0,0.0,0.0,0.0,0.0,0.0,0.0,0.0,0.0,0.0,0.0,0.0,0.0,0.039682165751709506,0.0,0.0,0.0,1.0,1.0,0.13265991644146247,0.0,0.0,0.0,0.0,0.0,0.0,0.07872548445483268,0.0,0.0,0.0,0.0,0.0,0.0,0.0,0.0,0.0,0.0,0.0,0.0,0.0,0.0,0.0,0.0,0.0,0.0,0.0,0.0,0.0,0.0,0.0,0.0,0.0,0.0,0.0,0.0,0.06260651588783399,0.06258676925364969,0.06260651588783399,0.06258676925364969,0.06260651588783399,0.06258676925364969,0.058648561528486014,0.06260651588783399,0.06713734385460907,0.058648561528486014,0.06260651588783399,0.06260651588783399,0.06260651588783399,0.18752825415408927,0.15098867085462767,0.15098867085462767,0.069623315918666,0.15098867085462767,0.15098867085462767,0.15098867085462767,0.16242435888901627,0.08993893998782305,0.17751674896905717,0.0,0.04530078034239344,0.0,0.0,0.0,0.045793774095984875,0.0,0.0,0.03446149200064156,0.0,0.0,0.0,0.060968228807003526,0.0,0.0,0.0,0.0,0.0,0.0,0.0,0.0,0.0,0.0,0.0,0.0,0.10268012895555073,0.0,0.062159956296579694,0.0,0.0,0.0,0.0,0.0,0.0,0.03123753130057068,0.0,0.0,0.0,0.0,0.0,0.0,0.0,0.0,0.0,0.06261484018681601,0.0,0.0,0.0,0.0,0.0,0.0,0.0,0.0,0.0,0.024059655281726485,0.024059655281726485,0.024059655281726485,0.024059655281726485,0.024059655281726485,0.045766278846582804,0.0,0.10206952795047641,0.0,0.0,0.0,0.0,0.0,0.0,0.0,0.0,0.0,0.0,0.0,0.1676739337670618,0.0,0.0,0.0,0.0,0.0,0.0,0.0,0.0,0.0,0.0,0.0,0.0,0.0,0.0,0.0,0.07296804056329113,0.0,0.0,0.0,0.0,0.0,0.0,0.0,0.0,0.0,0.040669637722614393,0.0,0.0,0.0,0.0,0.0,0.0,0.0,0.0,0.0,0.0,0.0,0.08049776239036276,0.0,0.0,0.0,0.08555621652233934,0.08883116174096753,0.06237210784895447,0.0,0.0,0.0,0.0,0.0,0.0,0.0,0.0774807258106193,0.0,0.06209179770425217,0.0,0.0,0.0,0.0,0.0,0.0
692235,0.0,0.0,0.0,0.0,0.0,0.0,0.037738379510976756,0.08491908728717229,0.0,0.0,0.0,0.0,0.0,0.0,0.0,0.0,0.0,0.0,0.0,0.0,0.0,0.039682165751709506,0.0,0.0,0.0,1.0,1.0,0.13265991644146247,0.0,0.0,0.0,0.0,0.0,0.0,0.07872548445483268,0.0,0.0,0.0,0.0,0.0,0.0,0.0,0.0,0.0,0.0,0.0,0.0,0.0,0.0,0.0,0.0,0.0,0.0,0.0,0.0,0.0,0.0,0.0,0.0,0.0,0.0,0.0,0.0,0.06260651588783399,0.06258676925364969,0.06260651588783399,0.06258676925364969,0.06260651588783399,0.06258676925364969,0.058648561528486014,0.06260651588783399,0.06713734385460907,0.058648561528486014,0.06260651588783399,0.06260651588783399,0.06260651588783399,0.18752825415408927,0.15098867085462767,0.15098867085462767,0.069623315918666,0.15098867085462767,0.15098867085462767,0.15098867085462767,0.16242435888901627,0.08993893998782305,0.17751674896905717,0.0,0.04530078034239344,0.0,0.0,0.0,0.045793774095984875,0.0,0.0,0.03446149200064156,0.0,0.0,0.0,0.060968228807003526,0.0,0.0,0.0,0.0,0.0,0.0,0.0,0.0,0.0,0.0,0.0,0.0,0.10268012895555073,0.0,0.062159956296579694,0.0,0.0,0.0,0.0,0.0,0.0,0.03123753130057068,0.0,0.0,0.0,0.0,0.0,0.0,0.0,0.0,0.0,0.06261484018681601,0.0,0.0,0.0,0.0,0.0,0.0,0.0,0.0,0.0,0.024059655281726485,0.024059655281726485,0.024059655281726485,0.024059655281726485,0.024059655281726485,0.045766278846582804,0.0,0.10206952795047641,0.0,0.0,0.0,0.0,0.0,0.0,0.0,0.0,0.0,0.0,0.0,0.1676739337670618,0.0,0.0,0.0,0.0,0.0,0.0,0.0,0.0,0.0,0.0,0.0,0.0,0.0,0.0,0.0,0.07296804056329113,0.0,0.0,0.0,0.0,0.0,0.0,0.0,0.0,0.0,0.040669637722614393,0.0,0.0,0.0,0.0,0.0,0.0,0.0,0.0,0.0,0.0,0.0,0.08049776239036276,0.0,0.0,0.0,0.08555621652233934,0.08883116174096753,0.06237210784895447,0.0,0.0,0.0,0.0,0.0,0.0,0.0,0.0774807258106193,0.0,0.06209179770425217,0.0,0.0,0.0,0.0,0.0,0.0
692200,0.0,0.0,0.0,0.0,0.031054080377407263,0.0512537618072802,0.0,0.04260213236196653,0.0,0.0,0.0,0.026922647171400853,0.0,0.0,0.0,0.0,0.0,0.0,0.0,0.0,0.035614280473397944,0.08688160518327843,0.07811979657125065,0.0,0.0,0.13265991644146247,0.13265991644146247,1.0,0.0,0.0,0.0,0.0,0.0,0.0,0.0,0.0,0.0,0.0,0.0,0.0,0.0,0.0,0.0,0.0,0.0,0.0,0.0,0.0,0.0,0.0,0.0,0.0,0.0,0.0,0.0,0.0,0.0,0.0,0.0,0.0,0.0,0.0,0.0,0.0,0.0,0.0,0.0,0.0,0.0,0.0,0.0,0.0,0.0,0.0,0.0,0.0,0.0,0.0,0.0,0.0,0.0,0.0,0.0,0.0,0.0,0.0,0.08743177506474077,0.0,0.0,0.0,0.0,0.0,0.0,0.0,0.07819584033386491,0.0,0.0,0.0,0.06283601827829567,0.0,0.0,0.0,0.0,0.0,0.0,0.0,0.0,0.0,0.0,0.0,0.0,0.0,0.0,0.06484775248505345,0.0,0.0,0.0,0.0,0.0,0.0,0.0,0.0,0.0,0.0,0.0,0.0,0.0,0.0,0.0,0.0,0.0,0.0,0.0,0.0,0.0,0.0,0.0,0.0,0.04674830551421874,0.0,0.025164748005553184,0.025164748005553184,0.025164748005553184,0.025164748005553184,0.025164748005553184,0.04733538871724463,0.0,0.0,0.0,0.0,0.0,0.0,0.0,0.0,0.14391242805311696,0.0,0.0,0.0,0.0,0.0,0.0,0.0,0.0,0.0,0.0,0.0,0.0,0.0,0.049815423456798305,0.0,0.0,0.0,0.0,0.0,0.0,0.07692307692307693,0.0,0.0,0.0,0.0,0.0,0.0,0.0,0.0,0.0,0.043476215956227415,0.0,0.0,0.0,0.0,0.0,0.0,0.0,0.0,0.0,0.0,0.0,0.0,0.0,0.0,0.0,0.0,0.0,0.0,0.0,0.0,0.0,0.0,0.0,0.0,0.0,0.07950325794898719,0.0,0.06665930914941288,0.0,0.0,0.0,0.0,0.0,0.0
692227,0.0,0.0,0.0,0.0,0.0,0.0,0.0,0.0,0.0,0.0,0.0,0.02766905187356734,0.0,0.0,0.0,0.053965368127468924,0.0,0.0,0.0,0.0,0.0398121169019761,0.0,0.0,0.0,0.0,0.0,0.0,0.0,1.0,0.0,0.0,0.0,0.0,0.0,0.0,0.0,0.0,0.0,0.0,0.0,0.0,0.0,0.0,0.0,0.0,0.0,0.0,0.0,0.0,0.0,0.0,0.0,0.0,0.0,0.0,0.0,0.0,0.0,0.0,0.0,0.0,0.0,0.0,0.0,0.0,0.0,0.0,0.0,0.0,0.0,0.0,0.0,0.0,0.0,0.0,0.0,0.0,0.0,0.0,0.0,0.0,0.0,0.0,0.0,0.0,0.0,0.0,0.0,0.0,0.0,0.0,0.051985570592156825,0.049760403343080746,0.0,0.0,0.052543449860945377,0.0,0.0,0.0,0.0,0.0,0.0,0.0,0.0,0.0,0.0,0.0,0.0,0.0,0.0,0.0,0.0,0.0,0.0,0.0,0.0,0.0,0.0,0.0,0.0,0.0,0.0,0.0,0.0,0.0,0.0,0.0,0.0,0.0,0.0,0.0,0.058863687962259034,0.0,0.0,0.0,0.0,0.0,0.0,0.0,0.0,0.027415824102751972,0.027415824102751972,0.027415824102751972,0.027415824102751972,0.027415824102751972,0.0,0.0,0.0,0.0,0.0,0.0,0.0,0.0,0.0,0.0,0.0,0.0,0.0,0.0,0.0,0.0,0.0,0.0,0.0,0.0,0.0,0.0,0.0,0.0,0.0,0.0,0.0,0.0,0.0,0.0,0.0,0.0,0.0,0.0,0.0,0.0,0.0,0.0,0.0,0.0,0.0,0.16543754526898008,0.0,0.0,0.0,0.0,0.0,0.0,0.0,0.0,0.0,0.0,0.0,0.05900150347048783,0.0,0.0,0.0,0.0,0.0,0.0,0.0,0.0,0.0,0.0,0.03516260139714943,0.0,0.0,0.0,0.0,0.0,0.0,0.0,0.046209190987728556,0.0,0.0
692229,0.055400375249747044,0.0,0.0,0.03568362736013795,0.0,0.053810369148059846,0.0,0.0,0.0,0.05793742757821552,0.0,0.0,0.03521598555764307,0.02728850764610393,0.05045408678102925,0.0,0.0,0.0,0.0,0.0,0.12030683988927438,0.0,0.0,0.0,0.05668880410362372,0.0,0.0,0.0,0.0,1.0,0.046526794767343574,0.0,0.0,0.0,0.0,0.0,0.0,0.0,0.0,0.0,0.0,0.0,0.0,0.0,0.0,0.0,0.0,0.07776759955171612,0.0,0.0,0.0,0.0,0.0,0.0,0.0,0.0,0.0,0.0,0.0,0.0,0.0,0.0,0.0,0.14273798009349728,0.14264257581414527,0.14273798009349728,0.14264257581414527,0.14273798009349728,0.14264257581414527,0.1328846465523857,0.06661476177655141,0.15416958146734344,0.06230278171263582,0.14273798009349728,0.14273798009349728,0.14273798009349728,0.0,0.0,0.0,0.0,0.0,0.0,0.0,0.0,0.0,0.0,0.0,0.0,0.0,0.0,0.0,0.0,0.0,0.0,0.0,0.04900113849733011,0.07901725789204285,0.0,0.0,0.0,0.0,0.0,0.0,0.0,0.0,0.0,0.096657514053827,0.0,0.0,0.0,0.10878744152966695,0.0,0.0,0.0,0.0,0.0,0.0,0.21224578583474518,0.0,0.0,0.10610770959567156,0.0,0.0,0.0,0.0,0.12948195722063618,0.0,0.0,0.0,0.0,0.0,0.0,0.0,0.0,0.0,0.077683485867059,0.0,0.07002681121343735,0.0,0.0,0.05253768139060526,0.05253768139060526,0.05253768139060526,0.05253768139060526,0.05253768139060526,0.04887585532746822,0.0,0.0,0.0,0.0,0.0,0.0,0.0,0.0,0.0,0.0,0.0,0.0,0.0,0.0,0.0,0.0,0.0,0.06537200117438212,0.0,0.0,0.0,0.0,0.0,0.0,0.0,0.0,0.0,0.0,0.0,0.0,0.0,0.0,0.14333987879661741,0.05276502055831191,0.05276502055831191,0.05556047481824265,0.0,0.0,0.0,0.0,0.0,0.0,0.0,0.0,0.0,0.0,0.0,0.0,0.0,0.0,0.21224578583474518,0.08571418773758174,0.0,0.0,0.0,0.0,0.0,0.0,0.0,0.09427779500830634,0.0,0.0,0.0,0.0,0.0,0.0,0.0,0.0,0.0,0.0,0.0,0.0,0.21364571413181166,0.0
100113382,0.03588540527177485,0.0,0.0,0.0,0.021808813382640114,0.0,0.0,0.0,0.03280102002430112,0.0,0.0,0.019882602208770056,0.0,0.0,0.0,0.0,0.0722871663116376,0.0,0.0,0.0,0.05076818073461703,0.0,0.05457330353948574,0.0,0.0,0.0,0.0,0.0,0.0,0.046526794767343574,1.0,0.0,0.0,0.0,0.0,0.0,0.0,0.0,0.0,0.0,0.0,0.0,0.0,0.0,0.0,0.0,0.0,0.0,0.0,0.0,0.0,0.0,0.0,0.0,0.0,0.0,0.0,0.0,0.0,0.0,0.0,0.0,0.0,0.0,0.0,0.0,0.0,0.0,0.0,0.0,0.0,0.0,0.0,0.0,0.0,0.0,0.0,0.0,0.0,0.0,0.0,0.0,0.0,0.0,0.0,0.0,0.0,0.0,0.0,0.0,0.0,0.0,0.11442391725660876,0.0,0.02756252005108929,0.0,0.0,0.0,0.0,0.0,0.0,0.0,0.0,0.0,0.0,0.0,0.0,0.0,0.0,0.0,0.0,0.0,0.0,0.0,0.0,0.0,0.0,0.0,0.0,0.0,0.0,0.01838574339852321,0.0,0.0,0.0,0.0,0.0,0.0,0.0,0.0,0.0,0.1377440968337188,0.0,0.0,0.0,0.0,0.0,0.0,0.0,0.0,0.0,0.0,0.0,0.0,0.0,0.03300824135577833,0.07761914911753438,0.0,0.0,0.0,0.0,0.0,0.0,0.0,0.0,0.0,0.0,0.0,0.0,0.04026527077380881,0.04495522283227033,0.0,0.0,0.0,0.0,0.0,0.0,0.0,0.03664610267171189,0.058927654960895595,0.0,0.0,0.0,0.0,0.0,0.0,0.0,0.0,0.0,0.0,0.0,0.0,0.0,0.0,0.0,0.031201875080300635,0.0,0.0,0.0,0.0,0.1533910782289203,0.0,0.0,0.0,0.0,0.0,0.0,0.0,0.0,0.0,0.0,0.06965704647941373,0.0,0.0,0.0,0.0,0.06527213308637862,0.04532769452337717,0.04957822304043039,0.0,0.0,0.0,0.0,0.0,0.0,0.0,0.0,0.02936725651306493,0.0,0.0
692058,0.0,0.0,0.0,0.0,0.0,0.0,0.0,0.0,0.0,0.09076796828946666,0.0,0.0,0.0,0.0,0.0,0.0,0.0,0.0,0.038395422149869136,0.0,0.05475758352510261,0.0,0.0,0.0,0.0,0.0,0.0,0.0,0.0,0.0,0.0,1.0,0.0,0.0,0.046951139500305265,0.0,0.0,0.0,0.0,0.0,0.0,0.0,0.0,0.0,0.0,0.0,0.0,0.0,0.0,0.0,0.0,0.0,0.0,0.0,0.0,0.0,0.0,0.0,0.0,0.0,0.0,0.0,0.0,0.0,0.0,0.0,0.0,0.0,0.0,0.0,0.0,0.0,0.0,0.0,0.0,0.0,0.0,0.0,0.0,0.0,0.0,0.0,0.0,0.0,0.0559806144020126,0.0,0.0,0.0,0.0,0.0,0.0,0.0,0.0,0.0,0.0,0.0,0.0,0.0,0.0,0.0,0.0,0.0,0.0,0.0,0.0,0.0,0.0,0.0,0.0,0.0,0.0,0.0,0.0,0.0,0.0,0.14487185454860116,0.0,0.0,0.0,0.0,0.0,0.0,0.0,0.0,0.0,0.0,0.0,0.0,0.0,0.0,0.0,0.0,0.0,0.0,0.0,0.0,0.0,0.0,0.0,0.0,0.0,0.0,0.0,0.0,0.0,0.0,0.0,0.0,0.0,0.0,0.0,0.0,0.0,0.0,0.0,0.0,0.0,0.0,0.0,0.0,0.0,0.0,0.0,0.0,0.0,0.0,0.0,0.0,0.0,0.0,0.0,0.0,0.0,0.0,0.0,0.0,0.0,0.0,0.0,0.0,0.0,0.0,0.0,0.0,0.1905374089166588,0.0,0.0,0.0,0.0,0.12560338447851038,0.0,0.0,0.0,0.0,0.0,0.0,0.0,0.0,0.0,0.0,0.0,0.0,0.0,0.03731684484552449,0.0,0.0,0.0,0.0,0.0,0.0,0.09651892698189933,0.0,0.0,0.0,0.0,0.0,0.0,0.0,0.0,0.0
692213,0.0,0.0,0.0,0.0,0.0,0.0,0.0,0.0,0.0,0.0,0.0,0.0,0.0,0.0,0.0,0.0,0.0,0.0,0.0,0.0,0.0,0.08913643267327749,0.0,0.0,0.0,0.0,0.0,0.0,0.0,0.0,0.0,0.0,1.0,0.0,0.0,0.0,0.0,0.0,0.0,0.0,0.0,0.0,0.0,0.0,0.0,0.0,0.0,0.0,0.0,0.0,0.0,0.0,0.0,0.0,0.0,0.0,0.0,0.0,0.0,0.0,0.0,0.0,0.0,0.0,0.0,0.0,0.0,0.0,0.0,0.0,0.0,0.0,0.0,0.0,0.0,0.0,0.0,0.0,0.0,0.0,0.0,0.0,0.0,0.0,0.0,0.0,0.0,0.0,0.0,0.0,0.0,0.0,0.0,0.0,0.0,0.09034213716549487,0.0,0.0,0.0,0.0,0.0,0.0,0.0,0.0,0.0,0.0,0.0,0.0,0.11817441396485166,0.0,0.0,0.0,0.0,0.0,0.0,0.0,0.0,0.0,0.0,0.0,0.0,0.0,0.0,0.0,0.0,0.0,0.0,0.0,0.0,0.09083572105746684,0.0,0.0,0.0,0.0,0.9980886252834739,0.0,0.0,0.0,0.0,0.0,0.0,0.0,0.0,0.0,0.0,0.0,0.0,0.0,0.0,0.0,0.0,0.0,0.0,0.0,0.0,0.0,0.0,0.0,0.0,0.0,0.0,0.0,0.0,0.0,0.0,0.0,0.0,0.0,0.0,0.0,0.0,0.0,0.0,0.07467960884855444,0.0,0.0,0.0,0.0,0.0,0.0,0.0,0.0,0.0,0.0,0.0,0.0,0.0,0.0,0.0,0.0,0.0,0.0,0.0,0.0,0.0,0.0,0.0,0.0,0.0,0.23893030066622975,0.0,0.0,0.0,0.0,0.0,0.0,0.0,0.0,0.0,0.0,0.0,0.0,0.0,0.0,0.0,0.0,0.0,0.0,0.0,0.0
692214,0.08542735431168662,0.0,0.0,0.0,0.14459469371598957,0.0,0.0,0.0,0.0,0.0,0.0,0.0,0.0,0.0814205884689193,0.0,0.0,0.0,0.0,0.0,0.0,0.0,0.0,0.0,0.0,0.0,0.0,0.0,0.0,0.0,0.0,0.0,0.0,0.0,1.0,0.0,0.0,0.0,0.0,0.0,0.0,0.0,0.0,0.0,0.0,0.0,0.0,0.0,0.0,0.0,0.0,0.0,0.0,0.0,0.0,0.0,0.0,0.0,0.0,0.0,0.0,0.0,0.0,0.0,0.0,0.0,0.0,0.0,0.0,0.0,0.0,0.0,0.0,0.0,0.0,0.0,0.0,0.0,0.0,0.0,0.12828320141239208,0.0,0.0,0.0,0.0,0.10939151747657576,0.0,0.0,0.0,0.0,0.0,0.0,0.0,0.0,0.0,0.0,0.0,0.0,0.0,0.0,0.0,0.0,0.0,0.0,0.0,0.0,0.0,0.0,0.0,0.0,0.0,0.0,0.0,0.0,0.0,0.0,0.0,0.0,0.0,0.0,0.0,0.0,0.0,0.0,0.0,0.0,0.0,0.0,0.0,0.0,0.0,0.0,0.0,0.0,0.0,0.0,0.0,0.0,0.0,0.0,0.0,0.0,0.0,0.0,0.0,0.0,0.0,0.0,0.0,0.0,0.0,0.0,0.0,0.0,0.0,0.0,0.0,0.0,0.0,0.0,0.0,0.0,0.0,0.12176664822593952,0.0,0.0,0.0,0.0,0.0,0.0,0.0,0.12801961900036476,0.1097288759542056,0.06723865016652493,0.05109057561520298,0.0,0.0,0.0,0.0,0.0,0.0,0.0,0.0,0.0,0.0,0.0,0.0,0.0,0.0,0.0,0.0,0.0,0.0,0.08278087081107233,0.0,0.0,0.0,0.0,0.0,0.0,0.0,0.0,0.0,0.0,0.0,0.0,0.0,0.027031754514229813,0.02933273300452634,0.10630041767615293,0.0,0.0,0.0,0.0,0.0,0.0,0.0,0.0,0.0,0.0,0.0
692215,0.0,0.0,0.0,0.022742799215461577,0.018193474536719323,0.028543335966406205,0.07770002088352396,0.025413633974827113,0.055674111290754974,0.029675278095837313,0.059381904512889994,0.0,0.0,0.01500759035539591,0.027776184430536838,0.0,0.020804507060794883,0.0,0.01612246641392262,0.0,0.02023406629195256,0.0,0.0,0.0,0.08141373143156644,0.07872548445483268,0.07872548445483268,0.0,0.0,0.0,0.0,0.046951139500305265,0.0,0.0,1.0,0.0,0.0,0.05600432078264076,0.0,0.04230222004850526,0.0,0.09799839871897519,0.0,0.0,0.0,0.05428297268406278,0.1025170062269789,0.046710425889177225,0.1025170062269789,0.0,0.10831026393163362,0.11111111111111112,0.0,0.0,0.0,0.0,0.0,0.0,0.0,0.0,0.10831026393163362,0.0,0.0,0.0,0.0,0.0,0.0,0.0,0.0,0.0,0.0,0.0,0.0,0.0,0.0,0.0,0.20368370512445177,0.1829166284919575,0.1829166284919575,0.14400228546627458,0.1829166284919575,0.1829166284919575,0.1829166284919575,0.2492659046237551,0.1825554935782919,0.19739051112489103,0.0,0.0,0.0,0.0,0.0,0.03223052738970206,0.0332295065862902,0.09117874015865997,0.0,0.0,0.039960211090945885,0.0,0.0,0.0,0.0,0.0,0.0,0.0355370671483214,0.03460464414427311,0.08551151000466449,0.0,0.0,0.0,0.0,0.05659279220984489,0.05840141972735419,0.0,0.07897992447953167,0.0,0.0,0.0,0.0,0.0,0.0,0.0,0.0,0.03873954361545605,0.0,0.03230386511772162,0.1333849733045166,0.19249590652442777,0.0,0.0,0.0,0.0,0.0,0.0,0.0,0.0,0.0,0.0,0.0,0.0,0.0,0.0,0.0,0.0,0.0,0.0,0.0,0.0,0.09037457884653499,0.0,0.0,0.0,0.0,0.0,0.0,0.03791132719108306,0.0,0.0,0.0,0.0,0.12175091483228578,0.04051386339927556,0.0,0.0,0.0,0.0,0.06027092834805955,0.0,0.0,0.0,0.0,0.0,0.0,0.04162181758356498,0.0,0.0,0.0,0.0,0.0,0.0,0.0,0.0,0.0,0.0,0.0,0.04188248119982663,0.05673075830529858,0.0,0.0,0.0,0.04360160057467978,0.0,0.0,0.0,0.0,0.0,0.0,0.0,0.0,0.0,0.0,0.0,0.10360426809862906,0.0,0.04993693347174566,0.0,0.0,0.0,0.0,0.0,0.04735764681821983,0.0,0.0,0.0,0.0,0.0,0.0,0.0,0.024504935231993385,0.0,0.0
767561,0.0,0.0,0.0,0.0,0.0,0.0,0.0,0.0,0.0,0.0,0.0,0.0,0.0,0.0,0.0,0.0,0.0,0.0,0.0,0.0,0.0,0.0,0.0,0.0,0.0,0.0,0.0,0.0,0.0,0.0,0.0,0.0,0.0,0.0,0.0,1.0,0.0,0.33670672576528904,0.0,0.13161845802743055,0.0,0.0,0.9997671676882292,0.0,0.0,0.0,0.0,0.0,0.0,0.0,0.0,0.0,0.0,0.0,0.0,0.0,0.0,0.0,0.0,0.0,0.0,0.0,0.0,0.0,0.0,0.0,0.0,0.0,0.0,0.0,0.0,0.0,0.0,0.0,0.0,0.0,0.0,0.0,0.0,0.0,0.0,0.0,0.0,0.0,0.0,0.0,0.0,0.0,0.0,0.0,0.0,0.0,0.0,0.0,0.0,0.0,0.0,0.0,0.0,0.0,0.0,0.0,0.0,0.0,0.0,0.0,0.0,0.0,0.0,0.0,0.0,0.0,0.0,0.0,0.0,0.0,0.0,0.0,0.0,0.0,0.0,0.0,0.0,0.0,0.0,0.0,0.0,0.0,0.0,0.0,0.0,0.0,0.0,0.0,0.0,0.0,0.0,0.0,0.0,0.0,0.0,0.05684572064065183,0.05684572064065183,0.0,0.05684572064065183,0.0,0.0,0.0,0.0,0.0,0.0,0.0,0.0,0.0,0.0,0.0,0.0,0.0,0.0,0.0,0.0,0.0,0.0,0.0,0.0,0.0,0.0,0.0,0.0,0.0,0.0,0.0,0.0,0.0,0.0,0.0,0.0,0.0,0.0,0.0,0.0,0.0,0.0,0.0,0.0,0.0,0.0,0.0,0.0,0.0,0.0,0.0,0.0,0.0,0.0,0.0,0.0,0.0,0.0,0.0,0.0,0.0,0.0,0.0,0.0,0.0,0.0,0.0,0.0,0.0,0.0,0.0,0.0,0.0,0.0,0.0,0.0,0.0,0.0,0.0
767562,0.0,0.0,0.0,0.055048547952621124,0.053074256868857625,0.0,0.0,0.07092518787205575,0.0,0.0,0.0,0.0,0.07053793690647961,0.0,0.0,0.0,0.09717501789350615,0.0,0.0,0.0,0.0,0.0,0.0,0.0,0.0,0.0,0.0,0.0,0.0,0.0,0.0,0.0,0.0,0.0,0.0,0.0,1.0,0.0,0.0,0.0,0.0,0.0,0.0,0.0,0.0,0.0,0.0,0.0,0.0,0.0,0.0,0.0,0.0,0.0,0.0,0.0,0.0,0.0,0.0,0.0,0.0,0.0,0.0,0.0,0.0,0.0,0.0,0.0,0.0,0.0,0.0,0.0,0.0,0.0,0.0,0.0,0.0,0.0,0.0,0.0,0.0,0.0,0.0,0.0,0.0,0.0,0.0,0.0,0.0,0.0,0.0,0.07324336990394881,0.0,0.0,0.0,0.0,0.0,0.0,0.0,0.0,0.0,0.0,0.0,0.0,0.0,0.0,0.0,0.0,0.0,0.0,0.0,0.0,0.0,0.0,0.0,0.08025965999989963,0.0,0.0,0.0,0.0,0.0,0.0,0.0,0.0,0.0,0.0,0.0,0.0,0.0,0.0,0.0,0.0,0.0,0.0,0.0,0.0,0.0,0.0,0.0,0.0,0.0,0.0,0.0,0.0,0.0,0.08282421657649294,0.0,0.0,0.0,0.0,0.0,0.0,0.0,0.0,0.0,0.0,0.0,0.0,0.0,0.0,0.0,0.0,0.0,0.0,0.0,0.0,0.0,0.0,0.06862943758891432,0.0,0.0,0.0,0.0,0.0,0.0,0.0,0.0,0.0,0.0,0.0,0.0,0.0,0.0,0.0,0.0,0.0,0.0,0.0,0.0,0.0,0.0,0.0,0.0,0.0,0.0,0.0,0.0,0.0,0.0,0.0,0.0,0.0,0.0,0.0,0.0,0.0,0.0,0.0,0.0,0.0,0.0,0.14801899001053412,0.0,0.0,0.0,0.11184734631090183,0.08406319143397359,0.0,0.0,0.0
767563,0.0,0.0,0.0,0.0,0.0,0.0,0.0,0.0,0.0,0.0,0.0,0.0,0.0,0.0,0.0,0.0,0.0,0.09533556793044434,0.0,0.0,0.0,0.0,0.0,0.0,0.0,0.0,0.0,0.0,0.0,0.0,0.0,0.0,0.0,0.0,0.05600432078264076,0.33670672576528904,0.0,1.0,0.0,0.1021610138138955,0.0,0.12635239830686695,0.3333333333333333,0.0,0.0,0.0,0.14453065004315316,0.0,0.14453065004315316,0.0,0.1677165654319657,0.19909452527975427,0.0,0.0,0.0,0.0,0.0,0.0,0.0,0.0,0.1677165654319657,0.0,0.0,0.0,0.0,0.0,0.0,0.0,0.0,0.0,0.0,0.0,0.0,0.0,0.0,0.0,0.0,0.0,0.0,0.0,0.0,0.0,0.0,0.14807511597927298,0.06661744076282904,0.0,0.0,0.0,0.0,0.0,0.0,0.0,0.0,0.0,0.0,0.0,0.0,0.0,0.0,0.0,0.0,0.0,0.0,0.0,0.0,0.0,0.0,0.0,0.0,0.0,0.0,0.0,0.0,0.0,0.0,0.0,0.0,0.0,0.0,0.0,0.0,0.0,0.0,0.0,0.0,0.0,0.0,0.0,0.0,0.0,0.0,0.0,0.0,0.0,0.0,0.0,0.0,0.0,0.0,0.0,0.0,0.041318497459625805,0.041318497459625805,0.0,0.041318497459625805,0.0,0.0,0.0,0.0,0.0,0.0,0.0,0.0,0.0,0.0,0.0,0.0,0.0,0.0,0.07763474016884366,0.09306673999818331,0.0,0.0,0.0,0.0,0.0,0.0,0.0,0.0,0.0,0.0,0.0,0.0,0.0,0.0,0.0,0.0,0.0,0.0,0.0,0.0,0.0,0.0,0.0,0.0,0.0,0.0,0.0,0.0,0.0,0.0,0.0,0.0,0.0,0.0,0.0,0.0,0.0,0.0,0.0,0.0,0.0,0.0,0.0,0.0,0.0,0.0,0.0,0.0,0.0,0.0,0.0,0.0,0.0,0.0,0.0,0.0,0.0,0.0,0.1167006287600158
767565,0.0,0.0,0.0,0.0,0.0,0.0,0.0,0.0,0.0,0.0,0.0,0.0,0.0,0.0,0.0,0.0,0.0,0.0,0.0,0.0,0.0,0.0,0.0,0.0,0.0,0.0,0.0,0.0,0.0,0.0,0.0,0.0,0.0,0.0,0.0,0.0,0.0,0.0,1.0,0.0,0.0,0.0,0.0,0.0,0.0,0.0,0.0,0.0,0.0,0.0,0.0,0.0,0.0,0.0,0.0,0.0,0.0,0.0,0.0,0.0,0.0,0.0,0.0,0.0,0.0,0.0,0.0,0.0,0.0,0.0,0.0,0.0,0.0,0.0,0.0,0.0,0.0,0.0,0.0,0.0,0.0,0.0,0.0,0.0,0.0,0.0,0.0,0.09677046055961669,0.0,0.0,0.0,0.0,0.0,0.0,0.0,0.0,0.0,0.0,0.0,0.0,0.0,0.0,0.0,0.09218671026221384,0.0,0.0,0.0,0.0,0.0,0.0,0.0,0.0,0.0,0.0,0.0,0.0,0.0,0.0,0.0,0.0,0.0,0.0,0.0,0.0,0.0,0.0,0.0,0.0,0.0,0.0,0.0,0.0,0.0,0.0,0.0,0.0,0.0,0.0,0.0,0.0,0.0,0.0,0.0,0.0,0.0,0.0,0.0,0.0,0.0,0.0,0.0,0.0,0.0,0.0,0.0,0.0,0.0,0.0,0.0,0.0,0.0,0.0,0.0,0.0,0.0,0.0,0.0,0.0,0.0,0.0,0.0,0.0,0.0,0.0,0.0,0.0,0.0,0.0,0.0,0.0,0.0,0.08211202425014395,0.0,0.0,0.0,0.0,0.0,0.0,0.0,0.0,0.0,0.0,0.0,0.0,0.0,0.0,0.0,0.0,0.0,0.0,0.0,0.0,0.0,0.0,0.0,0.0,0.0,0.0,0.0,0.0,0.0,0.0,0.0,0.0,0.0,0.0,0.0,0.0,0.0,0.0
767566,0.0,0.0,0.0,0.0,0.0,0.0,0.0,0.0,0.0,0.0,0.0,0.0,0.03161703240367518,0.0,0.0,0.0,0.06542503386732391,0.0,0.02694692717477537,0.0,0.035420523534094195,0.0,0.0,0.10072299796451738,0.0,0.0,0.0,0.0,0.0,0.0,0.0,0.0,0.0,0.0,0.04230222004850526,0.13161845802743055,0.0,0.1021610138138955,0.0,1.0,0.0,0.07708727621384513,0.12991181365955812,0.0,0.0,0.2222222222222222,0.08333333333333333,0.16705214746114344,0.08333333333333333,0.0,0.09090909090909091,0.0978198370344061,0.0,0.0,0.0,0.0,0.0,0.0,0.0,0.0,0.09090909090909091,0.0,0.0,0.0,0.0,0.0,0.0,0.0,0.0,0.0,0.0,0.0,0.0,0.0,0.0,0.0,0.0,0.0,0.0,0.0,0.0,0.0,0.0,0.0,0.0,0.0,0.042099661642749656,0.0,0.0,0.0,0.0,0.04949622426318491,0.0,0.0,0.0,0.0,0.0,0.06297088811525539,0.0,0.0,0.0,0.0,0.0,0.0,0.0,0.0,0.0,0.0,0.0,0.0,0.10287205976274943,0.23454389120536054,0.05033785228448196,0.0,0.0,0.0,0.0,0.0,0.0,0.0,0.033822642607782775,0.0,0.0,0.0,0.0,0.0,0.0,0.0,0.0,0.0,0.0,0.0,0.0,0.0,0.0,0.0,0.0,0.07147728133591569,0.0,0.0,0.0,0.02509196013157649,0.02509196013157649,0.0,0.02509196013157649,0.0,0.0,0.0,0.0,0.0,0.0,0.0,0.0,0.0,0.0,0.0,0.0,0.0,0.0,0.0,0.0,0.0,0.0,0.0,0.0,0.0,0.0,0.0,0.0,0.0,0.0,0.0,0.13112471318594582,0.0,0.0,0.0,0.0,0.0,0.0,0.0,0.0,0.0,0.0,0.0,0.0,0.0,0.0,0.0,0.07894846741297175,0.0,0.0,0.0,0.15376897341837462,0.0,0.0,0.0,0.0,0.0,0.05618474437387853,0.0,0.0,0.0,0.0,0.0,0.0,0.0,0.0,0.0,0.0,0.0,0.0,0.0,0.0,0.0,0.0,0.0,0.0,0.0,0.0,0.07074263604911411
767567,0.0,0.0,0.0,0.06610852724465234,0.0,0.0,0.0,0.0,0.0,0.0,0.0,0.0,0.0,0.0,0.0,0.0,0.0,0.0,0.0,0.0,0.0,0.0,0.0,0.0,0.0,0.0,0.0,0.0,0.0,0.0,0.0,0.0,0.0,0.0,0.0,0.0,0.0,0.0,0.0,0.0,1.0,0.0,0.0,0.0,0.0,0.0,0.0,0.0,0.0,0.0,0.0,0.0,0.0,0.0,0.0,0.0,0.0,0.0,0.0,0.0,0.0,0.0,0.0,0.0,0.0,0.0,0.0,0.0,0.0,0.0,0.0,0.0,0.0,0.0,0.0,0.0,0.0,0.0,0.0,0.0,0.0,0.0,0.0,0.0,0.0,0.0,0.0,0.0,0.0,0.0,0.0,0.0,0.0,0.0,0.0,0.0,0.0,0.0,0.0,0.0,0.0,0.0,0.0,0.0,0.0,0.0,0.0,0.0,0.0,0.0,0.0,0.0,0.0,0.0,0.0,0.0,0.0,0.0,0.0,0.0,0.0,0.0,0.0,0.0,0.0,0.0,0.0,0.0,0.0,0.0,0.0,0.0,0.0,0.0,0.0,0.0,0.0,0.0,0.0,0.0,0.0,0.0,0.0,0.0,0.0,0.0,0.0,0.0,0.0,0.0,0.0,0.0,0.0,0.0,0.0,0.0,0.0,0.0,0.0,0.0,0.0,0.0,0.0,0.0,0.0,0.0,0.0,0.0,0.0,0.0,0.0,0.0,0.0,0.0,0.0,0.0,0.0,0.0,0.0,0.0,0.0,0.0,0.0,0.0,0.0,0.0,0.0,0.0,0.0,0.0,0.0,0.0,0.0,0.0,0.0,0.0,0.0,0.0,0.0,0.0,0.0,0.0,0.0,0.0,0.0,0.0,0.0,0.0,0.0,0.0,0.0,0.0,0.0,0.0,0.0,0.0,0.0,0.0,0.0,0.0
767568,0.06407361441698789,0.05314495510668976,0.0,0.0,0.0,0.0,0.0,0.1680095815388155,0.0,0.0,0.0,0.0,0.0,0.0,0.0,0.0582528070351636,0.07493995012799018,0.0,0.0,0.0,0.042908157666789265,0.0,0.0,0.0,0.0,0.0,0.0,0.0,0.0,0.0,0.0,0.0,0.0,0.0,0.09799839871897519,0.0,0.0,0.12635239830686695,0.0,0.07708727621384513,0.0,1.0,0.0,0.0,0.0,0.12430499757377161,0.2218337400680506,0.0909090909090909,0.2218337400680506,0.0,0.24905840467663812,0.27830832196452926,0.0,0.0,0.0,0.0,0.0,0.0,0.0,0.0,0.24905840467663812,0.0,0.0,0.0,0.0,0.0,0.0,0.0,0.0,0.0,0.0,0.0,0.0,0.0,0.0,0.0,0.0,0.0,0.0,0.04146362738659893,0.0,0.0,0.0,0.09369277105209224,0.053166665051637925,0.0,0.0,0.056098458635820074,0.0,0.0,0.0,0.0,0.0,0.0,0.0,0.0,0.0,0.0,0.07576831666195004,0.0,0.0,0.0,0.0,0.0,0.0,0.0,0.0,0.0,0.0,0.0,0.0,0.0,0.056447497730310436,0.0,0.0,0.0,0.0,0.0,0.0,0.0,0.0,0.0,0.0,0.0,0.0,0.0,0.0,0.0,0.0,0.0,0.0,0.0,0.0,0.12520304822728814,0.0,0.0,0.0,0.08206443320363911,0.0,0.0,0.0,0.0,0.0,0.0,0.0,0.0,0.0,0.0,0.0,0.0,0.0,0.0,0.0,0.0,0.0,0.0,0.0,0.0,0.0,0.062205416574886666,0.15434688430123253,0.0,0.0,0.0,0.0,0.0,0.0,0.0,0.05586626507730863,0.0,0.062204364075717625,0.0,0.0,0.0,0.090867474903011,0.090867474903011,0.0,0.0,0.0,0.0,0.0,0.0,0.0,0.0,0.0,0.0,0.0,0.0,0.0,0.0,0.0,0.0,0.0,0.0,0.0,0.0,0.0,0.0,0.0,0.0,0.0,0.0,0.0,0.0,0.0,0.0,0.0,0.0,0.0,0.0,0.0,0.0,0.0,0.0,0.0,0.0,0.0,0.0,0.0,0.0
767569,0.0,0.0,0.0,0.0,0.0,0.0,0.0,0.0,0.0,0.0,0.0,0.0,0.0,0.0,0.0,0.0,0.0,0.0,0.0,0.0,0.0,0.0,0.0,0.0,0.0,0.0,0.0,0.0,0.0,0.0,0.0,0.0,0.0,0.0,0.0,0.9997671676882292,0.0,0.3333333333333333,0.0,0.12991181365955812,0.0,0.0,1.0,0.0,0.0,0.0,0.0,0.0,0.0,0.0,0.0,0.0,0.0,0.0,0.0,0.0,0.0,0.0,0.0,0.0,0.0,0.0,0.0,0.0,0.0,0.0,0.0,0.0,0.0,0.0,0.0,0.0,0.0,0.0,0.0,0.0,0.0,0.0,0.0,0.0,0.0,0.0,0.0,0.0,0.0,0.0,0.0,0.0,0.0,0.0,0.0,0.0,0.0,0.0,0.0,0.0,0.0,0.0,0.0,0.0,0.0,0.0,0.0,0.0,0.0,0.0,0.0,0.0,0.0,0.0,0.0,0.0,0.0,0.0,0.0,0.0,0.0,0.0,0.0,0.0,0.0,0.0,0.0,0.0,0.0,0.0,0.0,0.0,0.0,0.0,0.0,0.0,0.0,0.0,0.0,0.0,0.0,0.0,0.0,0.0,0.0,0.05624988839071129,0.05624988839071129,0.0,0.05624988839071129,0.0,0.0,0.0,0.0,0.0,0.0,0.0,0.0,0.0,0.0,0.0,0.0,0.0,0.0,0.0,0.0,0.0,0.0,0.0,0.0,0.0,0.0,0.0,0.0,0.0,0.0,0.0,0.0,0.0,0.0,0.0,0.0,0.0,0.0,0.0,0.0,0.0,0.0,0.0,0.0,0.0,0.0,0.0,0.0,0.0,0.0,0.0,0.0,0.0,0.0,0.0,0.0,0.0,0.0,0.0,0.0,0.0,0.0,0.0,0.0,0.0,0.0,0.0,0.0,0.0,0.0,0.0,0.0,0.0,0.0,0.0,0.0,0.0,0.0,0.0
767577,0.0,0.0,0.0,0.0,0.0,0.0,0.0,0.0,0.0,0.0,0.0,0.0,0.0,0.0,0.0,0.0,0.0,0.0,0.0,0.0,0.0,0.0,0.0,0.0,0.0,0.0,0.0,0.0,0.0,0.0,0.0,0.0,0.0,0.0,0.0,0.0,0.0,0.0,0.0,0.0,0.0,0.0,0.0,,,0.0,0.0,0.0,0.0,0.0,0.0,0.0,,0.0,,0.0,,0.0,,,0.0,0.0,,0.0,0.0,0.0,0.0,0.0,0.0,0.0,0.0,0.0,0.0,0.0,0.0,0.0,0.0,0.0,0.0,0.0,0.0,0.0,0.0,0.0,0.0,0.0,0.0,0.0,0.0,,0.0,0.0,0.0,0.0,0.0,0.0,0.0,0.0,0.0,0.0,0.0,0.0,0.0,0.0,0.0,0.0,0.0,0.0,0.0,0.0,0.0,0.0,0.0,0.0,0.0,0.0,0.0,0.0,0.0,0.0,0.0,0.0,0.0,0.0,0.0,0.0,0.0,,0.0,0.0,0.0,0.0,0.0,0.0,0.0,0.0,0.0,0.0,0.0,0.0,0.0,0.0,0.0,0.0,0.0,0.0,0.0,0.0,0.0,0.0,0.0,0.0,0.0,0.0,0.0,0.0,0.0,0.0,0.0,0.0,0.0,0.0,0.0,0.0,,0.0,0.0,0.0,0.0,0.0,0.0,0.0,0.0,0.0,0.0,0.0,0.0,0.0,0.0,0.0,0.0,0.0,,0.0,0.0,0.0,0.0,0.0,0.0,0.0,0.0,,0.0,0.0,0.0,0.0,0.0,0.0,0.0,0.0,,0.0,0.0,0.0,0.0,0.0,0.0,0.0,0.0,0.0,0.0,0.0,0.0,0.0,0.0,0.0,0.0,0.0,0.0,0.0
767588,0.0,0.0,0.0,0.0,0.0,0.0,0.0,0.0,0.0,0.0,0.0,0.0,0.0,0.0,0.0,0.0,0.0,0.0,0.0,0.0,0.0,0.0,0.0,0.0,0.0,0.0,0.0,0.0,0.0,0.0,0.0,0.0,0.0,0.0,0.0,0.0,0.0,0.0,0.0,0.0,0.0,0.0,0.0,,,0.0,0.0,0.0,0.0,0.0,0.0,0.0,,0.0,,0.0,,0.0,,,0.0,0.0,,0.0,0.0,0.0,0.0,0.0,0.0,0.0,0.0,0.0,0.0,0.0,0.0,0.0,0.0,0.0,0.0,0.0,0.0,0.0,0.0,0.0,0.0,0.0,0.0,0.0,0.0,,0.0,0.0,0.0,0.0,0.0,0.0,0.0,0.0,0.0,0.0,0.0,0.0,0.0,0.0,0.0,0.0,0.0,0.0,0.0,0.0,0.0,0.0,0.0,0.0,0.0,0.0,0.0,0.0,0.0,0.0,0.0,0.0,0.0,0.0,0.0,0.0,0.0,,0.0,0.0,0.0,0.0,0.0,0.0,0.0,0.0,0.0,0.0,0.0,0.0,0.0,0.0,0.0,0.0,0.0,0.0,0.0,0.0,0.0,0.0,0.0,0.0,0.0,0.0,0.0,0.0,0.0,0.0,0.0,0.0,0.0,0.0,0.0,0.0,,0.0,0.0,0.0,0.0,0.0,0.0,0.0,0.0,0.0,0.0,0.0,0.0,0.0,0.0,0.0,0.0,0.0,,0.0,0.0,0.0,0.0,0.0,0.0,0.0,0.0,,0.0,0.0,0.0,0.0,0.0,0.0,0.0,0.0,,0.0,0.0,0.0,0.0,0.0,0.0,0.0,0.0,0.0,0.0,0.0,0.0,0.0,0.0,0.0,0.0,0.0,0.0,0.0
767589,0.0,0.0,0.0,0.0,0.0,0.0,0.0,0.0,0.0,0.10635140654977333,0.10605413309887526,0.0,0.0,0.0,0.0,0.0,0.04529614075745981,0.0,0.0,0.09530695126381705,0.06371446783029079,0.0,0.0,0.0,0.0,0.0,0.0,0.0,0.0,0.0,0.0,0.0,0.0,0.0,0.05428297268406278,0.0,0.0,0.0,0.0,0.2222222222222222,0.0,0.12430499757377161,0.0,0.0,0.0,1.0,0.14285714285714285,0.28390021007169913,0.14285714285714285,0.0,0.16666666666666663,0.19978275296852469,0.0,0.0,0.0,0.0,0.0,0.0,0.0,0.0,0.16666666666666663,0.0,0.0,0.0,0.0,0.0,0.0,0.0,0.0,0.0,0.0,0.0,0.0,0.0,0.0,0.0,0.0,0.0,0.0,0.0,0.0,0.0,0.0,0.0,0.0,0.0,0.0,0.0,0.0,0.0,0.0,0.0,0.0,0.0,0.0,0.0,0.0,0.0,0.0,0.0,0.0,0.0,0.0,0.0,0.0,0.0,0.08028816915496971,0.0,0.0,0.0,0.0,0.0,0.0,0.0,0.0,0.0,0.0,0.0,0.0,0.0,0.0,0.0,0.0,0.0,0.0,0.0,0.0,0.0,0.0,0.0,0.0,0.0,0.0,0.0,0.0,0.0,0.0,0.1044934807905399,0.0,0.0,0.0,0.0,0.0,0.0,0.0,0.0,0.0,0.0,0.0,0.0,0.0,0.0,0.0,0.0,0.0,0.0,0.0,0.0,0.0,0.0,0.0,0.0,0.0,0.0,0.0,0.0,0.0,0.0,0.0,0.0,0.0,0.0,0.0,0.0,0.0,0.0,0.0,0.0,0.0,0.0,0.0,0.0,0.0,0.0,0.0,0.06525036665992141,0.0,0.0,0.16666730548836872,0.0,0.0,0.0,0.0,0.0,0.0,0.0,0.0,0.0,0.0,0.0,0.0,0.0,0.0,0.0430798676307542,0.0,0.0,0.0,0.0,0.0,0.0,0.0,0.0,0.0,0.0,0.0,0.0,0.0,0.0,0.0,0.11493280502716144
767590,0.0,0.0,0.0,0.0,0.0,0.0,0.0,0.0,0.0,0.0,0.0,0.0,0.0,0.0,0.0,0.0,0.038648990596816375,0.0,0.035302823378439346,0.0,0.048286082377402326,0.0,0.0,0.14343763846717072,0.07065464410297798,0.0,0.0,0.0,0.0,0.0,0.0,0.0,0.0,0.0,0.1025170062269789,0.0,0.0,0.14453065004315316,0.0,0.08333333333333333,0.0,0.2218337400680506,0.0,0.0,0.0,0.14285714285714285,1.0,0.09984263721787583,0.42857142857142866,0.0,0.5000000000000001,0.32827718698386504,0.0,0.0,0.0,0.0,0.0,0.0,0.0,0.0,0.28571428571428575,0.0,0.0,0.0,0.0,0.0,0.0,0.0,0.0,0.0,0.0,0.0,0.0,0.0,0.0,0.0,0.0,0.0,0.0,0.0,0.0,0.0,0.0,0.10723040343871643,0.05638733113488339,0.0,0.0,0.0,0.0,0.0,0.0,0.06073711586858661,0.0,0.0,0.0,0.0,0.0,0.0,0.0,0.0,0.0,0.0,0.0,0.0,0.0,0.0,0.0,0.0,0.0,0.0,0.0,0.0,0.0,0.0,0.0,0.0,0.0,0.0,0.0,0.0,0.0,0.0,0.0,0.0,0.0,0.0,0.0,0.0,0.0,0.0,0.0,0.0,0.0,0.0,0.0,0.0,0.0,0.0,0.0,0.0,0.0,0.0,0.0,0.0,0.0,0.0,0.0,0.0,0.0,0.0,0.0,0.0,0.0,0.0,0.0,0.0,0.0,0.0,0.0,0.0658624475085606,0.07692307692307693,0.0,0.0,0.0,0.0,0.0,0.0,0.0,0.0,0.0,0.0,0.0,0.0,0.0,0.0,0.0,0.0,0.0,0.0,0.0,0.0,0.0,0.0,0.08302093537353408,0.0,0.054353473859318435,0.0,0.0,0.0,0.0,0.0,0.0,0.0,0.0,0.0,0.0,0.0,0.10991631715975235,0.0,0.0,0.0,0.0,0.0,0.0,0.0,0.0,0.0,0.0,0.0,0.04061273198983702,0.0,0.0,0.0,0.0,0.0,0.0,0.0,0.0,0.0,0.0
767591,0.0,0.0,0.0,0.0,0.0,0.0,0.0,0.0,0.0,0.0,0.0,0.0,0.0,0.0,0.058474596277068865,0.0,0.036116683821798126,0.0,0.0,0.0,0.04290815766678928,0.0,0.0,0.0,0.0,0.0,0.0,0.0,0.0,0.07776759955171612,0.0,0.0,0.0,0.0,0.046710425889177225,0.0,0.0,0.0,0.0,0.16705214746114344,0.0,0.0909090909090909,0.0,0.0,0.0,0.28390021007169913,0.09984263721787583,1.0,0.09984263721787583,0.17083161521908205,0.11073896709785394,0.12215568862275449,0.0,0.17083161521908205,0.0,0.0,0.0,0.0,0.0,0.0,0.24905840467663812,0.17514375580338226,0.0,0.0,0.0,0.0,0.0,0.0,0.0,0.0,0.0,0.0,0.0,0.0,0.0,0.0,0.0,0.0,0.0,0.0,0.0,0.0,0.0,0.0,0.0,0.0,0.0,0.056098458635820074,0.0,0.0,0.0,0.0,0.0,0.0,0.0,0.0,0.0,0.0,0.0,0.0,0.0,0.0,0.0,0.0652080194180093,0.0,0.0,0.0,0.0,0.0,0.0,0.0,0.0,0.0,0.0,0.0,0.0,0.0,0.0,0.0,0.0,0.0,0.05493328116967902,0.0,0.0,0.0,0.07119471344034789,0.0,0.0,0.0,0.0,0.0,0.0,0.0,0.0,0.0,0.0,0.0,0.08206443320363911,0.0,0.0,0.0,0.0,0.0,0.0,0.0,0.0,0.0,0.0,0.0,0.0,0.0,0.0,0.0,0.0,0.0,0.0,0.0,0.0,0.0,0.0,0.0,0.0,0.0,0.0,0.0,0.0,0.0,0.0,0.0,0.0,0.0,0.0,0.0,0.0,0.0,0.0,0.0,0.0,0.0,0.0,0.0,0.0,0.0,0.0,0.07735917173614515,0.0,0.0,0.0,0.09926539979399891,0.0,0.0,0.0,0.0,0.0,0.0,0.0,0.0,0.0,0.0,0.0,0.0,0.0,0.0,0.0,0.0,0.0,0.0,0.0,0.0,0.0,0.0,0.0,0.0,0.0,0.0,0.0,0.0,0.0,0.1128961772355264,0.08358183134690579
767592,0.0,0.0,0.0,0.0,0.0,0.0,0.0,0.0,0.0,0.0,0.0,0.0,0.0,0.0,0.0,0.0,0.038648990596816375,0.0,0.0,0.0,0.048286082377402326,0.0,0.0,0.0,0.0,0.0,0.0,0.0,0.0,0.0,0.0,0.0,0.0,0.0,0.1025170062269789,0.0,0.0,0.14453065004315316,0.0,0.08333333333333333,0.0,0.2218337400680506,0.0,0.0,0.0,0.14285714285714285,0.42857142857142866,0.09984263721787583,1.0,0.0,0.28571428571428575,0.32827718698386504,0.0,0.0,0.0,0.0,0.0,0.0,0.0,0.0,0.28571428571428575,0.0,0.0,0.0,0.0,0.0,0.0,0.0,0.0,0.0,0.0,0.0,0.0,0.0,0.0,0.0,0.0,0.0,0.0,0.0,0.0,0.0,0.0,0.10723040343871643,0.05638733113488339,0.0,0.0,0.0,0.0,0.0,0.0,0.0,0.0,0.0,0.0,0.0,0.0,0.08542260186992948,0.0,0.0,0.0,0.0,0.0,0.0,0.0,0.0,0.0,0.0,0.0,0.0,0.0,0.0,0.0,0.0,0.0,0.0,0.0,0.0,0.0,0.0,0.0,0.0,0.0,0.0,0.0,0.0,0.0,0.0,0.0,0.0,0.0,0.0,0.0,0.0,0.0,0.0,0.0,0.0,0.0,0.0,0.03264145216271063,0.03264145216271063,0.03264145216271063,0.03264145216271063,0.03264145216271063,0.0,0.0,0.0,0.0,0.0,0.0,0.0,0.0,0.0,0.0,0.0,0.0,0.0,0.0,0.0658624475085606,0.07692307692307693,0.0,0.0,0.0,0.0,0.0,0.0,0.0,0.0588235294117647,0.0,0.0,0.0,0.0,0.0,0.0,0.0,0.0,0.0,0.0,0.0,0.0,0.0,0.0,0.0,0.0,0.0,0.0,0.0,0.0,0.10903721629406934,0.0,0.0,0.0,0.0,0.0,0.0,0.0,0.0,0.0,0.0,0.0,0.0,0.0,0.0,0.0,0.0,0.0,0.0,0.0,0.0,0.0,0.0,0.0,0.0,0.0,0.0,0.0,0.0,0.0,0.0
767593,0.0,0.0,0.0,0.0,0.0,0.0,0.0,0.0,0.0,0.0,0.0,0.0,0.0,0.0,0.0,0.0,0.0,0.0,0.0,0.0,0.0,0.0,0.0,0.0,0.0,0.0,0.0,0.0,0.0,0.0,0.0,0.0,0.0,0.0,0.0,0.0,0.0,0.0,0.0,0.0,0.0,0.0,0.0,0.0,0.0,0.0,0.0,0.17083161521908205,0.0,1.0,0.0,0.0,0.0,1.0,0.0,0.0,0.0,0.0,0.0,0.0,0.2582978311233002,0.9990558911279148,0.0,0.0,0.0,0.0,0.0,0.0,0.0,0.0,0.0,0.0,0.0,0.0,0.0,0.0,0.0,0.0,0.0,0.0,0.0,0.0,0.0,0.0,0.0,0.0,0.0,0.0,0.0,0.0,0.0,0.0,0.0,0.0,0.0,0.0,0.0,0.0,0.0,0.0,0.0,0.0,0.0,0.0,0.0,0.0,0.0,0.0,0.0,0.0,0.0,0.0,0.0,0.0,0.0,0.0,0.0,0.0,0.0,0.0,0.0,0.0,0.0,0.0,0.0,0.0,0.0,0.0,0.0,0.0,0.0,0.0,0.0,0.0,0.0,0.0,0.0,0.0,0.0,0.0,0.0,0.0,0.0,0.0,0.0,0.0,0.0,0.0,0.0,0.0,0.0,0.0,0.0,0.0,0.0,0.0,0.0,0.0,0.0,0.0,0.0,0.0,0.0,0.0,0.0,0.0,0.0,0.0,0.0,0.0,0.0,0.0,0.0,0.0,0.0,0.0,0.0,0.0,0.0,0.0,0.0,0.0,0.0,0.0,0.0,0.0,0.0,0.0,0.0,0.0,0.0,0.0,0.0,0.0,0.0,0.0,0.0,0.0,0.0,0.0,0.0,0.0,0.0,0.0,0.0,0.0,0.0,0.0,0.0,0.0,0.0,0.0,0.0,0.0,0.0,0.0,0.0,0.0,0.0,0.0
767595,0.0,0.0,0.0,0.0,0.0,0.0,0.0,0.0,0.0,0.0,0.0,0.0,0.0,0.0,0.0,0.0,0.041709390168652265,0.0,0.039372454261368164,0.0,0.05493762372739578,0.0,0.0,0.16705214746114344,0.0,0.0,0.0,0.0,0.0,0.0,0.0,0.0,0.0,0.0,0.10831026393163362,0.0,0.0,0.1677165654319657,0.0,0.09090909090909091,0.0,0.24905840467663812,0.0,0.0,0.0,0.16666666666666663,0.5000000000000001,0.11073896709785394,0.28571428571428575,0.0,1.0,0.3961239482532084,0.0,0.0,0.0,0.0,0.0,0.0,0.0,0.0,0.6000000000000001,0.0,0.0,0.0,0.0,0.0,0.0,0.0,0.0,0.0,0.0,0.0,0.0,0.0,0.0,0.0,0.0,0.0,0.0,0.0,0.0,0.0,0.0,0.12444247493882178,0.06033167919979062,0.0,0.05092351816661672,0.0,0.0,0.0,0.0,0.06571161767847332,0.0,0.0,0.0,0.0,0.0,0.0,0.0,0.0,0.0,0.0,0.0,0.0,0.0,0.0,0.0,0.0,0.0,0.0,0.0,0.0,0.0,0.0,0.0,0.0,0.0,0.0,0.0,0.0,0.0,0.0,0.0,0.0,0.0,0.0,0.0,0.0,0.0,0.0,0.0,0.0,0.0,0.0,0.0,0.0,0.0,0.0,0.0,0.0,0.0,0.0,0.0,0.0,0.0,0.0,0.0,0.0,0.0,0.0,0.0,0.0,0.0,0.0,0.0,0.0,0.0,0.0,0.0,0.0703625608821187,0.08333333333333333,0.0,0.0,0.0,0.0,0.0,0.0,0.0,0.0,0.0,0.0,0.0,0.0,0.0,0.0,0.0,0.0,0.0,0.0,0.0,0.0,0.0,0.0,0.0,0.0,0.05930552201608388,0.0,0.0,0.0,0.0,0.0,0.0,0.0,0.0,0.0,0.0,0.0,0.12153226393687702,0.0,0.0,0.0,0.0,0.0,0.0,0.0,0.0,0.0,0.0,0.0,0.043397071466331184,0.0,0.0,0.0,0.0,0.0,0.0,0.0,0.0,0.0,0.0
767578,0.0,0.0,0.0,0.0,0.0,0.09491475025087336,0.0,0.0,0.0,0.0,0.0,0.0,0.0,0.0,0.0,0.0,0.09261207031365451,0.0,0.0,0.0,0.06336964156617778,0.0,0.0,0.0,0.0,0.0,0.0,0.0,0.0,0.0,0.0,0.0,0.0,0.0,0.11111111111111112,0.0,0.0,0.19909452527975427,0.0,0.0978198370344061,0.0,0.27830832196452926,0.0,0.0,0.0,0.19978275296852469,0.32827718698386504,0.12215568862275449,0.32827718698386504,0.0,0.3961239482532084,1.0,0.0,0.0,0.0,0.0,0.0,0.0,0.0,0.0,0.3961239482532084,0.0,0.0,0.0,0.0,0.0,0.0,0.0,0.0,0.0,0.0,0.0,0.0,0.0,0.0,0.0,0.0,0.0,0.0,0.0,0.0,0.0,0.0,0.1480762860204662,0.06315821916719519,0.0,0.0,0.0,0.0,0.0,0.0,0.0,0.0,0.0,0.0,0.0,0.0,0.0,0.0,0.0,0.0,0.0,0.0,0.0,0.0,0.0,0.0,0.0,0.0,0.0,0.0,0.0,0.0,0.0,0.0,0.0,0.0,0.0,0.0,0.0,0.0,0.0,0.0,0.0,0.0,0.0,0.0,0.0,0.0,0.0,0.0,0.0,0.0,0.0,0.0,0.0,0.0,0.0,0.0,0.0,0.0,0.0,0.0,0.0,0.0,0.0,0.0,0.0,0.0,0.0,0.0,0.0,0.0,0.0,0.0,0.0,0.0,0.0,0.0,0.07346316403420343,0.08875978880703242,0.0,0.0,0.0,0.0,0.0,0.0,0.0,0.0,0.0,0.0,0.0,0.0,0.0,0.0,0.0,0.0,0.0,0.0,0.0,0.0,0.0,0.0,0.0,0.0,0.0,0.0,0.0,0.0,0.0,0.0,0.0,0.0,0.0,0.0,0.0,0.0,0.0,0.0,0.0,0.0,0.0,0.0,0.0,0.0,0.0,0.03308571152964342,0.07440962654144624,0.0,0.0,0.0,0.0,0.0,0.0,0.0,0.0,0.0,0.0,0.0,0.0
767598,0.0,0.0,0.0,0.0,0.0,0.0,0.0,0.0,0.0,0.0,0.0,0.0,0.0,0.0,0.0,0.0,0.0,0.0,0.0,0.0,0.0,0.0,0.0,0.0,0.0,0.0,0.0,0.0,0.0,0.0,0.0,0.0,0.0,0.0,0.0,0.0,0.0,0.0,0.0,0.0,0.0,0.0,0.0,,,0.0,0.0,0.0,0.0,0.0,0.0,0.0,,0.0,,0.0,,0.0,,,0.0,0.0,,0.0,0.0,0.0,0.0,0.0,0.0,0.0,0.0,0.0,0.0,0.0,0.0,0.0,0.0,0.0,0.0,0.0,0.0,0.0,0.0,0.0,0.0,0.0,0.0,0.0,0.0,,0.0,0.0,0.0,0.0,0.0,0.0,0.0,0.0,0.0,0.0,0.0,0.0,0.0,0.0,0.0,0.0,0.0,0.0,0.0,0.0,0.0,0.0,0.0,0.0,0.0,0.0,0.0,0.0,0.0,0.0,0.0,0.0,0.0,0.0,0.0,0.0,0.0,,0.0,0.0,0.0,0.0,0.0,0.0,0.0,0.0,0.0,0.0,0.0,0.0,0.0,0.0,0.0,0.0,0.0,0.0,0.0,0.0,0.0,0.0,0.0,0.0,0.0,0.0,0.0,0.0,0.0,0.0,0.0,0.0,0.0,0.0,0.0,0.0,,0.0,0.0,0.0,0.0,0.0,0.0,0.0,0.0,0.0,0.0,0.0,0.0,0.0,0.0,0.0,0.0,0.0,,0.0,0.0,0.0,0.0,0.0,0.0,0.0,0.0,,0.0,0.0,0.0,0.0,0.0,0.0,0.0,0.0,,0.0,0.0,0.0,0.0,0.0,0.0,0.0,0.0,0.0,0.0,0.0,0.0,0.0,0.0,0.0,0.0,0.0,0.0,0.0
767599,0.0,0.0,0.0,0.0,0.0,0.0,0.0,0.0,0.0,0.0,0.0,0.0,0.0,0.0,0.0,0.0,0.0,0.0,0.0,0.0,0.0,0.0,0.0,0.0,0.0,0.0,0.0,0.0,0.0,0.0,0.0,0.0,0.0,0.0,0.0,0.0,0.0,0.0,0.0,0.0,0.0,0.0,0.0,0.0,0.0,0.0,0.0,0.17083161521908205,0.0,1.0,0.0,0.0,0.0,1.0,0.0,0.0,0.0,0.0,0.0,0.0,0.2582978311233002,0.9990558911279148,0.0,0.0,0.0,0.0,0.0,0.0,0.0,0.0,0.0,0.0,0.0,0.0,0.0,0.0,0.0,0.0,0.0,0.0,0.0,0.0,0.0,0.0,0.0,0.0,0.0,0.0,0.0,0.0,0.0,0.0,0.0,0.0,0.0,0.0,0.0,0.0,0.0,0.0,0.0,0.0,0.0,0.0,0.0,0.0,0.0,0.0,0.0,0.0,0.0,0.0,0.0,0.0,0.0,0.0,0.0,0.0,0.0,0.0,0.0,0.0,0.0,0.0,0.0,0.0,0.0,0.0,0.0,0.0,0.0,0.0,0.0,0.0,0.0,0.0,0.0,0.0,0.0,0.0,0.0,0.0,0.0,0.0,0.0,0.0,0.0,0.0,0.0,0.0,0.0,0.0,0.0,0.0,0.0,0.0,0.0,0.0,0.0,0.0,0.0,0.0,0.0,0.0,0.0,0.0,0.0,0.0,0.0,0.0,0.0,0.0,0.0,0.0,0.0,0.0,0.0,0.0,0.0,0.0,0.0,0.0,0.0,0.0,0.0,0.0,0.0,0.0,0.0,0.0,0.0,0.0,0.0,0.0,0.0,0.0,0.0,0.0,0.0,0.0,0.0,0.0,0.0,0.0,0.0,0.0,0.0,0.0,0.0,0.0,0.0,0.0,0.0,0.0,0.0,0.0,0.0,0.0,0.0,0.0
767600,0.0,0.0,0.0,0.0,0.0,0.0,0.0,0.0,0.0,0.0,0.0,0.0,0.0,0.0,0.0,0.0,0.0,0.0,0.0,0.0,0.0,0.0,0.0,0.0,0.0,0.0,0.0,0.0,0.0,0.0,0.0,0.0,0.0,0.0,0.0,0.0,0.0,0.0,0.0,0.0,0.0,0.0,0.0,,,0.0,0.0,0.0,0.0,0.0,0.0,0.0,,0.0,,0.0,,0.0,,,0.0,0.0,,0.0,0.0,0.0,0.0,0.0,0.0,0.0,0.0,0.0,0.0,0.0,0.0,0.0,0.0,0.0,0.0,0.0,0.0,0.0,0.0,0.0,0.0,0.0,0.0,0.0,0.0,,0.0,0.0,0.0,0.0,0.0,0.0,0.0,0.0,0.0,0.0,0.0,0.0,0.0,0.0,0.0,0.0,0.0,0.0,0.0,0.0,0.0,0.0,0.0,0.0,0.0,0.0,0.0,0.0,0.0,0.0,0.0,0.0,0.0,0.0,0.0,0.0,0.0,,0.0,0.0,0.0,0.0,0.0,0.0,0.0,0.0,0.0,0.0,0.0,0.0,0.0,0.0,0.0,0.0,0.0,0.0,0.0,0.0,0.0,0.0,0.0,0.0,0.0,0.0,0.0,0.0,0.0,0.0,0.0,0.0,0.0,0.0,0.0,0.0,,0.0,0.0,0.0,0.0,0.0,0.0,0.0,0.0,0.0,0.0,0.0,0.0,0.0,0.0,0.0,0.0,0.0,,0.0,0.0,0.0,0.0,0.0,0.0,0.0,0.0,,0.0,0.0,0.0,0.0,0.0,0.0,0.0,0.0,,0.0,0.0,0.0,0.0,0.0,0.0,0.0,0.0,0.0,0.0,0.0,0.0,0.0,0.0,0.0,0.0,0.0,0.0,0.0
767603,0.0,0.0,0.0,0.0,0.0,0.0,0.0,0.0,0.0,0.0,0.0,0.0,0.0,0.0,0.0,0.0,0.0,0.0,0.06207637303788389,0.0,0.0,0.09314648069501896,0.0,0.0,0.0,0.0,0.0,0.0,0.0,0.0,0.0,0.0,0.0,0.0,0.0,0.0,0.0,0.0,0.0,0.0,0.0,0.0,0.0,0.0,0.0,0.0,0.0,0.0,0.0,0.0,0.0,0.0,0.0,0.0,0.0,1.0,0.0,0.0,0.0,0.0,0.0,0.0,0.0,0.0,0.0,0.0,0.0,0.0,0.0,0.0,0.0,0.0,0.0,0.0,0.0,0.0,0.0,0.0,0.0,0.0,0.0,0.0,0.0,0.0,0.0,0.0,0.0,0.0,0.0,0.0,0.0,0.0,0.07931633087230419,0.0,0.0,0.0,0.0,0.0,0.0,0.0,0.0,0.0,0.0,0.0,0.0,0.0,0.0,0.0,0.0,0.0,0.0,0.0,0.0,0.0,0.0,0.0,0.0,0.0,0.0,0.0,0.0,0.0,0.0,0.0,0.0,0.0,0.0,0.0,0.0,0.0,0.0,0.0,0.0,0.0,0.0,0.0,0.0,0.0,0.0,0.0,0.0,0.0,0.0,0.0,0.0,0.0,0.0,0.0,0.0,0.0,0.0,0.0,0.0,0.0,0.0,0.0,0.0,0.0,0.0,0.0,0.0,0.0,0.0,0.0,0.0,0.0,0.0,0.0,0.0,0.0,0.0,0.0,0.0,0.0,0.0,0.0,0.0,0.0,0.0,0.0,0.0,0.0,0.0,0.0,0.0,0.0,0.0,0.0,0.0,0.23621960385760657,0.0,0.0,0.0,0.0,0.0,0.0,0.0,0.18487583245215572,0.0,0.0,0.0,0.0,0.0,0.0,0.0,0.0,0.0,0.0,0.0,0.0,0.0,0.0,0.0,0.0,0.0,0.0,0.0,0.0,0.0,0.0
767605,0.0,0.0,0.0,0.0,0.0,0.0,0.0,0.0,0.0,0.0,0.0,0.0,0.0,0.0,0.0,0.0,0.0,0.0,0.0,0.0,0.0,0.0,0.0,0.0,0.0,0.0,0.0,0.0,0.0,0.0,0.0,0.0,0.0,0.0,0.0,0.0,0.0,0.0,0.0,0.0,0.0,0.0,0.0,,,0.0,0.0,0.0,0.0,0.0,0.0,0.0,,0.0,,0.0,,0.0,,,0.0,0.0,,0.0,0.0,0.0,0.0,0.0,0.0,0.0,0.0,0.0,0.0,0.0,0.0,0.0,0.0,0.0,0.0,0.0,0.0,0.0,0.0,0.0,0.0,0.0,0.0,0.0,0.0,,0.0,0.0,0.0,0.0,0.0,0.0,0.0,0.0,0.0,0.0,0.0,0.0,0.0,0.0,0.0,0.0,0.0,0.0,0.0,0.0,0.0,0.0,0.0,0.0,0.0,0.0,0.0,0.0,0.0,0.0,0.0,0.0,0.0,0.0,0.0,0.0,0.0,,0.0,0.0,0.0,0.0,0.0,0.0,0.0,0.0,0.0,0.0,0.0,0.0,0.0,0.0,0.0,0.0,0.0,0.0,0.0,0.0,0.0,0.0,0.0,0.0,0.0,0.0,0.0,0.0,0.0,0.0,0.0,0.0,0.0,0.0,0.0,0.0,,0.0,0.0,0.0,0.0,0.0,0.0,0.0,0.0,0.0,0.0,0.0,0.0,0.0,0.0,0.0,0.0,0.0,,0.0,0.0,0.0,0.0,0.0,0.0,0.0,0.0,,0.0,0.0,0.0,0.0,0.0,0.0,0.0,0.0,,0.0,0.0,0.0,0.0,0.0,0.0,0.0,0.0,0.0,0.0,0.0,0.0,0.0,0.0,0.0,0.0,0.0,0.0,0.0
767606,0.0,0.0,0.0,0.0,0.0,0.0,0.0,0.0,0.0,0.0,0.0,0.0,0.0,0.0,0.0,0.0,0.0,0.0,0.0,0.15192109678051136,0.0,0.0,0.0,0.0,0.0,0.0,0.0,0.0,0.0,0.0,0.0,0.0,0.0,0.0,0.0,0.0,0.0,0.0,0.0,0.0,0.0,0.0,0.0,0.0,0.0,0.0,0.0,0.0,0.0,0.0,0.0,0.0,0.0,0.0,0.0,0.0,0.0,1.0,0.0,0.0,0.0,0.0,0.0,0.0,0.0,0.0,0.0,0.0,0.0,0.0,0.0,0.0,0.0,0.0,0.0,0.0,0.0,0.0,0.0,0.0,0.0,0.0,0.0,0.0,0.0,0.0,0.06297777039710811,0.0,0.0,0.0,0.0,0.0,0.0,0.0,0.0,0.09494562233344271,0.0,0.0,0.0,0.0,0.0,0.0,0.0,0.0,0.0,0.0,0.0,0.0,0.0,0.0,0.0,0.0,0.0,0.0,0.0,0.0,0.0,0.0,0.0,0.0,0.0,0.0,0.0,0.0,0.0,0.0,0.0,0.0,0.0,0.0,0.0,0.0,0.0,0.0,0.0,0.0,0.0,0.0,0.0,0.0,0.05624988839071129,0.05624988839071129,0.05624988839071129,0.05624988839071129,0.05624988839071129,0.12068893885238202,0.0,0.0,0.0,0.0,0.0,0.0,0.0,0.0,0.0,0.0,0.0,0.0,0.0,0.0,0.0,0.0,0.0,0.0,0.0,0.0,0.0,0.0,0.0,0.0,0.0,0.0,0.0,0.0,0.0,0.0,0.0,0.0,0.0,0.0,0.0,0.09587340053175816,0.0,0.0,0.0,0.0,0.0,0.0,0.0,0.0,0.0,0.0,0.0,0.0,0.0,0.0,0.0,0.0,0.0,0.0,0.0,0.0,0.0,0.0,0.0,0.0,0.0,0.0,0.0,0.0,0.0,0.0,0.2380234438562025,0.0,0.11111111111111112,0.0,0.0,0.0,0.0,0.0
767609,0.0,0.0,0.0,0.0,0.0,0.0,0.0,0.0,0.0,0.0,0.0,0.0,0.0,0.0,0.0,0.0,0.0,0.0,0.0,0.0,0.0,0.0,0.0,0.0,0.0,0.0,0.0,0.0,0.0,0.0,0.0,0.0,0.0,0.0,0.0,0.0,0.0,0.0,0.0,0.0,0.0,0.0,0.0,,,0.0,0.0,0.0,0.0,0.0,0.0,0.0,,0.0,,0.0,,0.0,,,0.0,0.0,,0.0,0.0,0.0,0.0,0.0,0.0,0.0,0.0,0.0,0.0,0.0,0.0,0.0,0.0,0.0,0.0,0.0,0.0,0.0,0.0,0.0,0.0,0.0,0.0,0.0,0.0,,0.0,0.0,0.0,0.0,0.0,0.0,0.0,0.0,0.0,0.0,0.0,0.0,0.0,0.0,0.0,0.0,0.0,0.0,0.0,0.0,0.0,0.0,0.0,0.0,0.0,0.0,0.0,0.0,0.0,0.0,0.0,0.0,0.0,0.0,0.0,0.0,0.0,,0.0,0.0,0.0,0.0,0.0,0.0,0.0,0.0,0.0,0.0,0.0,0.0,0.0,0.0,0.0,0.0,0.0,0.0,0.0,0.0,0.0,0.0,0.0,0.0,0.0,0.0,0.0,0.0,0.0,0.0,0.0,0.0,0.0,0.0,0.0,0.0,,0.0,0.0,0.0,0.0,0.0,0.0,0.0,0.0,0.0,0.0,0.0,0.0,0.0,0.0,0.0,0.0,0.0,,0.0,0.0,0.0,0.0,0.0,0.0,0.0,0.0,,0.0,0.0,0.0,0.0,0.0,0.0,0.0,0.0,,0.0,0.0,0.0,0.0,0.0,0.0,0.0,0.0,0.0,0.0,0.0,0.0,0.0,0.0,0.0,0.0,0.0,0.0,0.0
767610,0.0,0.0,0.0,0.0,0.0,0.0,0.0,0.0,0.0,0.0,0.0,0.0,0.0,0.0,0.0,0.0,0.0,0.0,0.0,0.0,0.0,0.0,0.0,0.0,0.0,0.0,0.0,0.0,0.0,0.0,0.0,0.0,0.0,0.0,0.0,0.0,0.0,0.0,0.0,0.0,0.0,0.0,0.0,,,0.0,0.0,0.0,0.0,0.0,0.0,0.0,,0.0,,0.0,,0.0,,,0.0,0.0,,0.0,0.0,0.0,0.0,0.0,0.0,0.0,0.0,0.0,0.0,0.0,0.0,0.0,0.0,0.0,0.0,0.0,0.0,0.0,0.0,0.0,0.0,0.0,0.0,0.0,0.0,,0.0,0.0,0.0,0.0,0.0,0.0,0.0,0.0,0.0,0.0,0.0,0.0,0.0,0.0,0.0,0.0,0.0,0.0,0.0,0.0,0.0,0.0,0.0,0.0,0.0,0.0,0.0,0.0,0.0,0.0,0.0,0.0,0.0,0.0,0.0,0.0,0.0,,0.0,0.0,0.0,0.0,0.0,0.0,0.0,0.0,0.0,0.0,0.0,0.0,0.0,0.0,0.0,0.0,0.0,0.0,0.0,0.0,0.0,0.0,0.0,0.0,0.0,0.0,0.0,0.0,0.0,0.0,0.0,0.0,0.0,0.0,0.0,0.0,,0.0,0.0,0.0,0.0,0.0,0.0,0.0,0.0,0.0,0.0,0.0,0.0,0.0,0.0,0.0,0.0,0.0,,0.0,0.0,0.0,0.0,0.0,0.0,0.0,0.0,,0.0,0.0,0.0,0.0,0.0,0.0,0.0,0.0,,0.0,0.0,0.0,0.0,0.0,0.0,0.0,0.0,0.0,0.0,0.0,0.0,0.0,0.0,0.0,0.0,0.0,0.0,0.0
767579,0.0,0.0,0.0,0.0,0.0,0.0,0.0,0.0,0.0,0.0,0.0,0.0,0.0,0.0,0.0,0.0,0.041709390168652265,0.0,0.0,0.0,0.05493762372739578,0.0,0.0,0.0,0.0,0.0,0.0,0.0,0.0,0.0,0.0,0.0,0.0,0.0,0.10831026393163362,0.0,0.0,0.1677165654319657,0.0,0.09090909090909091,0.0,0.24905840467663812,0.0,0.0,0.0,0.16666666666666663,0.28571428571428575,0.24905840467663812,0.28571428571428575,0.2582978311233002,0.6000000000000001,0.3961239482532084,0.0,0.2582978311233002,0.0,0.0,0.0,0.0,0.0,0.0,1.0,0.2639696241027441,0.0,0.0,0.0,0.0,0.0,0.0,0.0,0.0,0.0,0.0,0.0,0.0,0.0,0.0,0.0,0.0,0.0,0.0,0.0,0.0,0.0,0.12444247493882178,0.06033167919979062,0.0,0.05092351816661672,0.0,0.0,0.0,0.0,0.0,0.0,0.0,0.0,0.0,0.0,0.0,0.0,0.0,0.0,0.0,0.0,0.0,0.0,0.0,0.0,0.0,0.0,0.0,0.0,0.0,0.0,0.0,0.0,0.0,0.0,0.0,0.0,0.0,0.0,0.0,0.0,0.0,0.0,0.0,0.0,0.0,0.0,0.0,0.0,0.0,0.0,0.0,0.0,0.0,0.0,0.0,0.0,0.0,0.0,0.0,0.0,0.0,0.0,0.0,0.0,0.0,0.0,0.0,0.0,0.0,0.0,0.0,0.0,0.0,0.0,0.0,0.0,0.0703625608821187,0.08333333333333333,0.0,0.0,0.0,0.0,0.0,0.0,0.0,0.0,0.0,0.0,0.0,0.0,0.0,0.0,0.0,0.0,0.0,0.0,0.0,0.0,0.0,0.0,0.0,0.0,0.0,0.0,0.0,0.0,0.0,0.0,0.0,0.0,0.0,0.0,0.0,0.0,0.0,0.0,0.0,0.0,0.0,0.0,0.0,0.0,0.0,0.0,0.0,0.0,0.0,0.0,0.0,0.0,0.0,0.0,0.0,0.0,0.0,0.0,0.0
767581,0.0,0.0,0.0,0.0,0.0,0.0,0.0,0.0,0.0,0.0,0.0,0.0,0.0,0.0,0.0,0.0,0.0,0.0,0.0,0.0,0.0,0.0,0.0,0.0,0.0,0.0,0.0,0.0,0.0,0.0,0.0,0.0,0.0,0.0,0.0,0.0,0.0,0.0,0.0,0.0,0.0,0.0,0.0,0.0,0.0,0.0,0.0,0.17514375580338226,0.0,0.9990558911279148,0.0,0.0,0.0,0.9990558911279148,0.0,0.0,0.0,0.0,0.0,0.0,0.2639696241027441,1.0,0.0,0.0,0.0,0.0,0.0,0.0,0.0,0.0,0.0,0.0,0.0,0.0,0.0,0.0,0.0,0.0,0.0,0.0,0.0,0.0,0.0,0.0,0.0,0.0,0.0,0.0,0.0,0.0,0.0,0.0,0.0,0.0,0.0,0.0,0.0,0.0,0.0,0.0,0.0,0.0,0.0,0.0,0.0,0.0,0.0,0.0,0.0,0.0,0.0,0.0,0.0,0.0,0.0,0.0,0.0,0.0,0.0,0.0,0.0,0.0,0.0,0.0,0.0,0.0,0.0,0.0,0.0,0.0,0.0,0.0,0.0,0.0,0.0,0.0,0.0,0.0,0.0,0.0,0.0,0.0,0.0,0.0,0.0,0.0,0.0,0.0,0.0,0.0,0.0,0.0,0.0,0.0,0.0,0.0,0.0,0.0,0.0,0.0,0.0,0.0,0.0,0.0,0.0,0.0,0.0,0.0,0.0,0.0,0.0,0.0,0.0,0.0,0.0,0.0,0.0,0.0,0.0,0.0,0.0,0.0,0.0,0.0,0.0,0.0,0.0,0.0,0.0,0.0,0.0,0.0,0.0,0.0,0.0,0.0,0.0,0.0,0.0,0.0,0.0,0.0,0.0,0.0,0.0,0.0,0.0,0.0,0.0,0.0,0.0,0.0,0.0,0.0,0.0,0.0,0.0,0.0,0.0,0.0
767585,0.0,0.0,0.0,0.0,0.0,0.0,0.0,0.0,0.0,0.0,0.0,0.0,0.0,0.0,0.0,0.0,0.0,0.0,0.0,0.0,0.0,0.0,0.0,0.0,0.0,0.0,0.0,0.0,0.0,0.0,0.0,0.0,0.0,0.0,0.0,0.0,0.0,0.0,0.0,0.0,0.0,0.0,0.0,,,0.0,0.0,0.0,0.0,0.0,0.0,0.0,,0.0,,0.0,,0.0,,,0.0,0.0,,0.0,0.0,0.0,0.0,0.0,0.0,0.0,0.0,0.0,0.0,0.0,0.0,0.0,0.0,0.0,0.0,0.0,0.0,0.0,0.0,0.0,0.0,0.0,0.0,0.0,0.0,,0.0,0.0,0.0,0.0,0.0,0.0,0.0,0.0,0.0,0.0,0.0,0.0,0.0,0.0,0.0,0.0,0.0,0.0,0.0,0.0,0.0,0.0,0.0,0.0,0.0,0.0,0.0,0.0,0.0,0.0,0.0,0.0,0.0,0.0,0.0,0.0,0.0,,0.0,0.0,0.0,0.0,0.0,0.0,0.0,0.0,0.0,0.0,0.0,0.0,0.0,0.0,0.0,0.0,0.0,0.0,0.0,0.0,0.0,0.0,0.0,0.0,0.0,0.0,0.0,0.0,0.0,0.0,0.0,0.0,0.0,0.0,0.0,0.0,,0.0,0.0,0.0,0.0,0.0,0.0,0.0,0.0,0.0,0.0,0.0,0.0,0.0,0.0,0.0,0.0,0.0,,0.0,0.0,0.0,0.0,0.0,0.0,0.0,0.0,,0.0,0.0,0.0,0.0,0.0,0.0,0.0,0.0,,0.0,0.0,0.0,0.0,0.0,0.0,0.0,0.0,0.0,0.0,0.0,0.0,0.0,0.0,0.0,0.0,0.0,0.0,0.0
338433,0.0,0.0,0.11162821145213725,0.03581405818073815,0.0,0.05315549591663712,0.0,0.0,0.0,0.05704179360903428,0.0,0.0,0.03428538826410261,0.0,0.0,0.0,0.0,0.0,0.0,0.0,0.0,0.04214285527747289,0.0,0.0,0.0,0.06260651588783399,0.06260651588783399,0.0,0.0,0.14273798009349728,0.0,0.0,0.0,0.0,0.0,0.0,0.0,0.0,0.0,0.0,0.0,0.0,0.0,0.0,0.0,0.0,0.0,0.0,0.0,0.0,0.0,0.0,0.0,0.0,0.0,0.0,0.0,0.0,0.0,0.0,0.0,0.0,0.0,1.0,0.9998289121418823,1.0,0.9998289121418823,1.0,0.9998289121418823,0.8888888888888888,0.3333333333333333,0.6666666666666666,0.41666666666666663,1.0,1.0,0.7777777777777778,0.0590738704082977,0.0,0.0,0.0,0.0,0.0,0.0,0.0,0.0,0.056290620731777506,0.0,0.0,0.0,0.0,0.0,0.0,0.0,0.0,0.0,0.0,0.0,0.0,0.0,0.0,0.0,0.0,0.0,0.0,0.0,0.0,0.09553805774278215,0.0,0.0,0.0,0.0,0.0,0.0,0.0,0.0,0.0,0.0,0.21071138888552268,0.0,0.0,0.033304857134003656,0.0,0.0,0.0,0.0,0.0,0.0,0.0,0.0,0.0,0.14284363432134717,0.0,0.0,0.0,0.0,0.07777774921406931,0.0,0.0,0.045064368083148704,0.0,0.1755087381118804,0.1755087381118804,0.1755087381118804,0.1755087381118804,0.1755087381118804,0.048517761466324145,0.0,0.0,0.0,0.0,0.0,0.0,0.0,0.0,0.0,0.0,0.0,0.0,0.0,0.0,0.0,0.0,0.0,0.0,0.0,0.0,0.0,0.0,0.0,0.0,0.0,0.0,0.0,0.0,0.0,0.0,0.0,0.0,0.0,0.05312628925164119,0.05312628925164119,0.0,0.0,0.0,0.0,0.0,0.0,0.0,0.0,0.0,0.0,0.0,0.0,0.0,0.0,0.0,0.21071138888552268,0.0,0.0,0.0,0.0,0.0,0.09505929686627992,0.06690461026146073,0.0,0.0,0.0,0.0,0.0,0.0,0.0,0.0,0.0,0.1418802058256965,0.0,0.0,0.0,0.0,0.0,0.0
100033447,0.0,0.0,0.11107570178835682,0.03584643510054845,0.0,0.05291643467020341,0.0,0.0,0.0,0.05672163828851806,0.0,0.0,0.03396646609872862,0.0,0.0,0.0,0.0,0.0,0.0,0.0,0.0,0.04209569876402416,0.0,0.0,0.0,0.06258676925364969,0.06258676925364969,0.0,0.0,0.14264257581414527,0.0,0.0,0.0,0.0,0.0,0.0,0.0,0.0,0.0,0.0,0.0,0.0,0.0,0.0,0.0,0.0,0.0,0.0,0.0,0.0,0.0,0.0,0.0,0.0,0.0,0.0,0.0,0.0,0.0,0.0,0.0,0.0,0.0,0.9998289121418823,1.0,0.9998289121418823,1.0,0.9998289121418823,1.0,0.8900387159580779,0.3332953116409572,0.6656043005896893,0.4170707720624939,0.9998289121418823,0.9998289121418823,0.777659492565567,0.059014338198009476,0.0,0.0,0.0,0.0,0.0,0.0,0.0,0.0,0.05627098502802791,0.0,0.0,0.0,0.0,0.0,0.0,0.0,0.0,0.0,0.0,0.0,0.0,0.0,0.0,0.0,0.0,0.0,0.0,0.0,0.0,0.09512610338024026,0.0,0.0,0.0,0.0,0.0,0.0,0.0,0.0,0.0,0.0,0.21010629044081916,0.0,0.0,0.03338745707321719,0.0,0.0,0.0,0.0,0.0,0.0,0.0,0.0,0.0,0.14280220839274985,0.0,0.0,0.0,0.0,0.07778191844769572,0.0,0.0,0.0453134625569374,0.0,0.17523192866761708,0.17523192866761708,0.17523192866761708,0.17523192866761708,0.17523192866761708,0.04837945304406768,0.0,0.0,0.0,0.0,0.0,0.0,0.0,0.0,0.0,0.0,0.0,0.0,0.0,0.0,0.0,0.0,0.0,0.0,0.0,0.0,0.0,0.0,0.0,0.0,0.0,0.0,0.0,0.0,0.0,0.0,0.0,0.0,0.0,0.05323219431022666,0.05323219431022666,0.0,0.0,0.0,0.0,0.0,0.0,0.0,0.0,0.0,0.0,0.0,0.0,0.0,0.0,0.0,0.21010629044081916,0.0,0.0,0.0,0.0,0.0,0.09530743070588638,0.0672992347294825,0.0,0.0,0.0,0.0,0.0,0.0,0.0,0.0,0.0,0.14209827681420206,0.0,0.0,0.0,0.0,0.0,0.0
100033450,0.0,0.0,0.11162821145213725,0.03581405818073815,0.0,0.05315549591663712,0.0,0.0,0.0,0.05704179360903428,0.0,0.0,0.03428538826410261,0.0,0.0,0.0,0.0,0.0,0.0,0.0,0.0,0.04214285527747289,0.0,0.0,0.0,0.06260651588783399,0.06260651588783399,0.0,0.0,0.14273798009349728,0.0,0.0,0.0,0.0,0.0,0.0,0.0,0.0,0.0,0.0,0.0,0.0,0.0,0.0,0.0,0.0,0.0,0.0,0.0,0.0,0.0,0.0,0.0,0.0,0.0,0.0,0.0,0.0,0.0,0.0,0.0,0.0,0.0,1.0,0.9998289121418823,1.0,0.9998289121418823,1.0,0.9998289121418823,0.8888888888888888,0.3333333333333333,0.6666666666666666,0.41666666666666663,1.0,1.0,0.7777777777777778,0.0590738704082977,0.0,0.0,0.0,0.0,0.0,0.0,0.0,0.0,0.056290620731777506,0.0,0.0,0.0,0.0,0.0,0.0,0.0,0.0,0.0,0.0,0.0,0.0,0.0,0.0,0.0,0.0,0.0,0.0,0.0,0.0,0.09553805774278215,0.0,0.0,0.0,0.0,0.0,0.0,0.0,0.0,0.0,0.0,0.21071138888552268,0.0,0.0,0.033304857134003656,0.0,0.0,0.0,0.0,0.0,0.0,0.0,0.0,0.0,0.14284363432134717,0.0,0.0,0.0,0.0,0.07777774921406931,0.0,0.0,0.045064368083148704,0.0,0.1755087381118804,0.1755087381118804,0.1755087381118804,0.1755087381118804,0.1755087381118804,0.048517761466324145,0.0,0.0,0.0,0.0,0.0,0.0,0.0,0.0,0.0,0.0,0.0,0.0,0.0,0.0,0.0,0.0,0.0,0.0,0.0,0.0,0.0,0.0,0.0,0.0,0.0,0.0,0.0,0.0,0.0,0.0,0.0,0.0,0.0,0.05312628925164119,0.05312628925164119,0.0,0.0,0.0,0.0,0.0,0.0,0.0,0.0,0.0,0.0,0.0,0.0,0.0,0.0,0.0,0.21071138888552268,0.0,0.0,0.0,0.0,0.0,0.09505929686627992,0.06690461026146073,0.0,0.0,0.0,0.0,0.0,0.0,0.0,0.0,0.0,0.1418802058256965,0.0,0.0,0.0,0.0,0.0,0.0
100033453,0.0,0.0,0.11107570178835682,0.03584643510054845,0.0,0.05291643467020341,0.0,0.0,0.0,0.05672163828851806,0.0,0.0,0.03396646609872862,0.0,0.0,0.0,0.0,0.0,0.0,0.0,0.0,0.04209569876402416,0.0,0.0,0.0,0.06258676925364969,0.06258676925364969,0.0,0.0,0.14264257581414527,0.0,0.0,0.0,0.0,0.0,0.0,0.0,0.0,0.0,0.0,0.0,0.0,0.0,0.0,0.0,0.0,0.0,0.0,0.0,0.0,0.0,0.0,0.0,0.0,0.0,0.0,0.0,0.0,0.0,0.0,0.0,0.0,0.0,0.9998289121418823,1.0,0.9998289121418823,1.0,0.9998289121418823,1.0,0.8900387159580779,0.3332953116409572,0.6656043005896893,0.4170707720624939,0.9998289121418823,0.9998289121418823,0.777659492565567,0.059014338198009476,0.0,0.0,0.0,0.0,0.0,0.0,0.0,0.0,0.05627098502802791,0.0,0.0,0.0,0.0,0.0,0.0,0.0,0.0,0.0,0.0,0.0,0.0,0.0,0.0,0.0,0.0,0.0,0.0,0.0,0.0,0.09512610338024026,0.0,0.0,0.0,0.0,0.0,0.0,0.0,0.0,0.0,0.0,0.21010629044081916,0.0,0.0,0.03338745707321719,0.0,0.0,0.0,0.0,0.0,0.0,0.0,0.0,0.0,0.14280220839274985,0.0,0.0,0.0,0.0,0.07778191844769572,0.0,0.0,0.0453134625569374,0.0,0.17523192866761708,0.17523192866761708,0.17523192866761708,0.17523192866761708,0.17523192866761708,0.04837945304406768,0.0,0.0,0.0,0.0,0.0,0.0,0.0,0.0,0.0,0.0,0.0,0.0,0.0,0.0,0.0,0.0,0.0,0.0,0.0,0.0,0.0,0.0,0.0,0.0,0.0,0.0,0.0,0.0,0.0,0.0,0.0,0.0,0.0,0.05323219431022666,0.05323219431022666,0.0,0.0,0.0,0.0,0.0,0.0,0.0,0.0,0.0,0.0,0.0,0.0,0.0,0.0,0.0,0.21010629044081916,0.0,0.0,0.0,0.0,0.0,0.09530743070588638,0.0672992347294825,0.0,0.0,0.0,0.0,0.0,0.0,0.0,0.0,0.0,0.14209827681420206,0.0,0.0,0.0,0.0,0.0,0.0
100033454,0.0,0.0,0.11162821145213725,0.03581405818073815,0.0,0.05315549591663712,0.0,0.0,0.0,0.05704179360903428,0.0,0.0,0.03428538826410261,0.0,0.0,0.0,0.0,0.0,0.0,0.0,0.0,0.04214285527747289,0.0,0.0,0.0,0.06260651588783399,0.06260651588783399,0.0,0.0,0.14273798009349728,0.0,0.0,0.0,0.0,0.0,0.0,0.0,0.0,0.0,0.0,0.0,0.0,0.0,0.0,0.0,0.0,0.0,0.0,0.0,0.0,0.0,0.0,0.0,0.0,0.0,0.0,0.0,0.0,0.0,0.0,0.0,0.0,0.0,1.0,0.9998289121418823,1.0,0.9998289121418823,1.0,0.9998289121418823,0.8888888888888888,0.3333333333333333,0.6666666666666666,0.41666666666666663,1.0,1.0,0.7777777777777778,0.0590738704082977,0.0,0.0,0.0,0.0,0.0,0.0,0.0,0.0,0.056290620731777506,0.0,0.0,0.0,0.0,0.0,0.0,0.0,0.0,0.0,0.0,0.0,0.0,0.0,0.0,0.0,0.0,0.0,0.0,0.0,0.0,0.09553805774278215,0.0,0.0,0.0,0.0,0.0,0.0,0.0,0.0,0.0,0.0,0.21071138888552268,0.0,0.0,0.033304857134003656,0.0,0.0,0.0,0.0,0.0,0.0,0.0,0.0,0.0,0.14284363432134717,0.0,0.0,0.0,0.0,0.07777774921406931,0.0,0.0,0.045064368083148704,0.0,0.1755087381118804,0.1755087381118804,0.1755087381118804,0.1755087381118804,0.1755087381118804,0.048517761466324145,0.0,0.0,0.0,0.0,0.0,0.0,0.0,0.0,0.0,0.0,0.0,0.0,0.0,0.0,0.0,0.0,0.0,0.0,0.0,0.0,0.0,0.0,0.0,0.0,0.0,0.0,0.0,0.0,0.0,0.0,0.0,0.0,0.0,0.05312628925164119,0.05312628925164119,0.0,0.0,0.0,0.0,0.0,0.0,0.0,0.0,0.0,0.0,0.0,0.0,0.0,0.0,0.0,0.21071138888552268,0.0,0.0,0.0,0.0,0.0,0.09505929686627992,0.06690461026146073,0.0,0.0,0.0,0.0,0.0,0.0,0.0,0.0,0.0,0.1418802058256965,0.0,0.0,0.0,0.0,0.0,0.0
100033603,0.0,0.0,0.11107570178835682,0.03584643510054845,0.0,0.05291643467020341,0.0,0.0,0.0,0.05672163828851806,0.0,0.0,0.03396646609872862,0.0,0.0,0.0,0.0,0.0,0.0,0.0,0.0,0.04209569876402416,0.0,0.0,0.0,0.06258676925364969,0.06258676925364969,0.0,0.0,0.14264257581414527,0.0,0.0,0.0,0.0,0.0,0.0,0.0,0.0,0.0,0.0,0.0,0.0,0.0,0.0,0.0,0.0,0.0,0.0,0.0,0.0,0.0,0.0,0.0,0.0,0.0,0.0,0.0,0.0,0.0,0.0,0.0,0.0,0.0,0.9998289121418823,1.0,0.9998289121418823,1.0,0.9998289121418823,1.0,0.8900387159580779,0.3332953116409572,0.6656043005896893,0.4170707720624939,0.9998289121418823,0.9998289121418823,0.777659492565567,0.059014338198009476,0.0,0.0,0.0,0.0,0.0,0.0,0.0,0.0,0.05627098502802791,0.0,0.0,0.0,0.0,0.0,0.0,0.0,0.0,0.0,0.0,0.0,0.0,0.0,0.0,0.0,0.0,0.0,0.0,0.0,0.0,0.09512610338024026,0.0,0.0,0.0,0.0,0.0,0.0,0.0,0.0,0.0,0.0,0.21010629044081916,0.0,0.0,0.03338745707321719,0.0,0.0,0.0,0.0,0.0,0.0,0.0,0.0,0.0,0.14280220839274985,0.0,0.0,0.0,0.0,0.07778191844769572,0.0,0.0,0.0453134625569374,0.0,0.17523192866761708,0.17523192866761708,0.17523192866761708,0.17523192866761708,0.17523192866761708,0.04837945304406768,0.0,0.0,0.0,0.0,0.0,0.0,0.0,0.0,0.0,0.0,0.0,0.0,0.0,0.0,0.0,0.0,0.0,0.0,0.0,0.0,0.0,0.0,0.0,0.0,0.0,0.0,0.0,0.0,0.0,0.0,0.0,0.0,0.0,0.05323219431022666,0.05323219431022666,0.0,0.0,0.0,0.0,0.0,0.0,0.0,0.0,0.0,0.0,0.0,0.0,0.0,0.0,0.0,0.21010629044081916,0.0,0.0,0.0,0.0,0.0,0.09530743070588638,0.0672992347294825,0.0,0.0,0.0,0.0,0.0,0.0,0.0,0.0,0.0,0.14209827681420206,0.0,0.0,0.0,0.0,0.0,0.0
100033800,0.0,0.0,0.10214994898671753,0.03378685896183681,0.0,0.04890216907014961,0.0,0.0,0.0,0.05220737876135361,0.0,0.0,0.03091336057811845,0.0,0.0,0.0,0.0,0.0,0.0,0.0,0.0,0.03938363507429249,0.0,0.0,0.0,0.058648561528486014,0.058648561528486014,0.0,0.0,0.1328846465523857,0.0,0.0,0.0,0.0,0.0,0.0,0.0,0.0,0.0,0.0,0.0,0.0,0.0,0.0,0.0,0.0,0.0,0.0,0.0,0.0,0.0,0.0,0.0,0.0,0.0,0.0,0.0,0.0,0.0,0.0,0.0,0.0,0.0,0.8888888888888888,0.8900387159580779,0.8888888888888888,0.8900387159580779,0.8888888888888888,0.8900387159580779,1.0,0.3076923076923077,0.6000000000000001,0.3846153846153846,0.8888888888888888,0.8888888888888888,0.7,0.05517937245943258,0.0,0.0,0.0,0.0,0.0,0.0,0.0,0.0,0.052743436409327646,0.0,0.0,0.0,0.0,0.0,0.0,0.0,0.0,0.0,0.0,0.0,0.0,0.0,0.0,0.0,0.0,0.0,0.0,0.0,0.0,0.08775313404050145,0.0,0.0,0.0,0.0,0.0,0.0,0.0,0.0,0.0,0.0,0.1935023870515786,0.0,0.0,0.06536553198661571,0.0,0.0,0.0,0.0,0.0,0.0,0.0,0.0,0.0,0.13320659640640378,0.0,0.0,0.0,0.0,0.07291679194786345,0.0,0.0,0.043388474101304815,0.0,0.16242746748209122,0.16242746748209122,0.16242746748209122,0.16242746748209122,0.16242746748209122,0.04497538663137047,0.0,0.0,0.0,0.0,0.0,0.0,0.0,0.0,0.0,0.0,0.0,0.0,0.0,0.0,0.0,0.0,0.0,0.0,0.0,0.0,0.0,0.0,0.0,0.0,0.0,0.0,0.0,0.0,0.0,0.0,0.0,0.0,0.0,0.05031448500672784,0.05031448500672784,0.0,0.0,0.0,0.0,0.0,0.06722264351217508,0.0,0.0,0.0,0.0,0.0,0.0,0.0,0.0,0.0,0.1935023870515786,0.0,0.0,0.0,0.0,0.0,0.0900562545576866,0.06444103315496989,0.0,0.0,0.0,0.0,0.0,0.0,0.0,0.0,0.0,0.13340015056713325,0.0,0.0,0.0,0.0,0.0,0.0
100033805,0.0,0.0,0.0,0.03581405818073815,0.0,0.0,0.13087284853758838,0.0,0.048348888181418914,0.0,0.0,0.0,0.03428538826410261,0.08571428571428573,0.0,0.04980898187829334,0.0,0.0,0.0,0.0,0.07630245406308228,0.04214285527747289,0.0,0.0,0.0,0.06260651588783399,0.06260651588783399,0.0,0.0,0.06661476177655141,0.0,0.0,0.0,0.0,0.0,0.0,0.0,0.0,0.0,0.0,0.0,0.0,0.0,0.0,0.0,0.0,0.0,0.0,0.0,0.0,0.0,0.0,0.0,0.0,0.0,0.0,0.0,0.0,0.0,0.0,0.0,0.0,0.0,0.3333333333333333,0.3332953116409572,0.3333333333333333,0.3332953116409572,0.3333333333333333,0.3332953116409572,0.3076923076923077,1.0,0.25,0.3076923076923077,0.3333333333333333,0.3333333333333333,0.3333333333333333,0.0590738704082977,0.0,0.0,0.0,0.0,0.0,0.0,0.0,0.0,0.056290620731777506,0.0,0.0,0.0,0.0,0.0,0.0,0.0,0.0,0.036799065420560745,0.0,0.0,0.0,0.0,0.0,0.0,0.0,0.14186570743989207,0.0,0.053226175660630384,0.0,0.0,0.0959646187625074,0.0,0.0,0.0,0.0,0.0,0.0,0.0,0.17832652035853608,0.0,0.0,0.09175184902150191,0.0,0.06890457116659039,0.0,0.0,0.0,0.0,0.0,0.0,0.0,0.07091690544412607,0.0,0.14284363432134717,0.0,0.0,0.05080380242904939,0.0,0.0,0.0,0.24643363386642278,0.0,0.0,0.02551910187830518,0.02551910187830518,0.02551910187830518,0.02551910187830518,0.02551910187830518,0.0,0.0,0.0,0.0,0.0,0.0,0.0,0.0,0.0,0.0,0.0,0.0,0.0,0.0,0.0,0.0,0.0,0.0,0.1409387856600711,0.0,0.0,0.0,0.0,0.0,0.0,0.0,0.0,0.0,0.09378608246347948,0.0,0.0,0.0,0.0,0.0,0.0,0.0,0.0,0.0,0.0,0.0,0.0,0.0,0.0,0.0,0.0,0.0,0.0,0.0,0.0,0.0,0.0,0.0,0.0858336920722615,0.11736489995812022,0.0,0.0,0.0,0.09505929686627992,0.06690461026146073,0.09256260020339246,0.20587691791279014,0.0,0.0,0.0,0.033217942140504664,0.0,0.0,0.0,0.1418802058256965,0.0,0.0,0.0,0.0,0.0,0.0
100033806,0.0,0.0,0.05795698587453665,0.03810004711630377,0.0,0.05821918148071142,0.0,0.0,0.0,0.06286291331909447,0.0,0.0,0.03848312549432535,0.0,0.0,0.0,0.0,0.0,0.0,0.0,0.0,0.045317825256120346,0.0,0.0,0.0,0.06713734385460907,0.06713734385460907,0.0,0.0,0.15416958146734344,0.0,0.0,0.0,0.0,0.0,0.0,0.0,0.0,0.0,0.0,0.0,0.0,0.0,0.0,0.0,0.0,0.0,0.0,0.0,0.0,0.0,0.0,0.0,0.0,0.0,0.0,0.0,0.0,0.0,0.0,0.0,0.0,0.0,0.6666666666666666,0.6656043005896893,0.6666666666666666,0.6656043005896893,0.6666666666666666,0.6656043005896893,0.6000000000000001,0.25,1.0,0.3333333333333333,0.6666666666666666,0.6666666666666666,0.8749999999999999,0.06355985325084582,0.0,0.0,0.0,0.0,0.0,0.0,0.0,0.0,0.06034932843593597,0.0,0.0,0.0,0.0,0.0,0.0,0.0,0.0,0.0,0.0,0.0,0.0,0.0,0.0,0.0,0.0,0.0,0.0,0.0,0.0,0.10483870967741936,0.0,0.0,0.0,0.0,0.0,0.0,0.0,0.0,0.0,0.0,0.23128012816798302,0.0,0.0,0.03514427631942583,0.0,0.061110747491319624,0.0,0.0,0.0,0.0,0.0,0.0,0.0,0.15398383370919447,0.0,0.0,0.0,0.0,0.08333310412169437,0.0,0.0,0.15516820546447227,0.0,0.15416349788890382,0.15416349788890382,0.15416349788890382,0.15416349788890382,0.15416349788890382,0.0526658571469151,0.0,0.0,0.0,0.0,0.0,0.0,0.0,0.0,0.0,0.0,0.0,0.0,0.0,0.0,0.0,0.0,0.0,0.0,0.0,0.0,0.0,0.0,0.0,0.0,0.0,0.0,0.0,0.0,0.0,0.0,0.0,0.0,0.0,0.11925238562716366,0.11925238562716366,0.0,0.0,0.0,0.0,0.0,0.0,0.0,0.0,0.0,0.0,0.0,0.0,0.0,0.0,0.0,0.23128012816798302,0.0,0.0,0.0,0.0,0.0,0.10065092205562955,0.06956403961961152,0.0,0.0,0.0,0.0,0.0,0.0,0.0,0.0,0.0,0.15151157844453958,0.0,0.0,0.0,0.0,0.0,0.0
100033807,0.0,0.0,0.0,0.0,0.0,0.10283309977132409,0.0,0.0,0.0,0.05220737876135361,0.0,0.0,0.0,0.0,0.0,0.0,0.0,0.0,0.0,0.0,0.0,0.03938363507429249,0.0,0.0,0.0,0.058648561528486014,0.058648561528486014,0.0,0.0,0.06230278171263582,0.0,0.0,0.0,0.0,0.0,0.0,0.0,0.0,0.0,0.0,0.0,0.0,0.0,0.0,0.0,0.0,0.0,0.0,0.0,0.0,0.0,0.0,0.0,0.0,0.0,0.0,0.0,0.0,0.0,0.0,0.0,0.0,0.0,0.41666666666666663,0.4170707720624939,0.41666666666666663,0.4170707720624939,0.41666666666666663,0.4170707720624939,0.3846153846153846,0.3076923076923077,0.3333333333333333,1.0,0.41666666666666663,0.41666666666666663,0.41666666666666663,0.05517937245943258,0.0,0.0,0.0,0.0,0.0,0.0,0.0,0.0,0.052743436409327646,0.0,0.0,0.0,0.0,0.0,0.0,0.0,0.0,0.0,0.0,0.0,0.0,0.0,0.0,0.0,0.0,0.0,0.0,0.0,0.0,0.08775313404050145,0.0,0.0,0.0,0.0,0.0,0.0,0.0,0.0,0.0,0.0,0.08821617345567472,0.0,0.0,0.03164840846537344,0.0,0.0,0.0,0.0,0.0,0.0,0.0,0.0,0.0,0.13320659640640378,0.0,0.0,0.0,0.0,0.07291679194786345,0.0,0.0,0.0,0.0,0.04885249752523142,0.04885249752523142,0.04885249752523142,0.04885249752523142,0.04885249752523142,0.0,0.0,0.0,0.0,0.0,0.0,0.0,0.0,0.0,0.0,0.0,0.0,0.0,0.0,0.0,0.0,0.0,0.0,0.0,0.0,0.0,0.0,0.0,0.0,0.0,0.0,0.0,0.0,0.0,0.0,0.0,0.0,0.0,0.0,0.05031448500672784,0.05031448500672784,0.0,0.0,0.0,0.0,0.0,0.0,0.0,0.0,0.0,0.0,0.0,0.0,0.0,0.0,0.0,0.08821617345567472,0.0,0.0,0.0,0.0,0.0,0.0900562545576866,0.09987972610311492,0.0,0.0,0.0,0.0,0.0,0.0,0.0,0.07564015242036698,0.0,0.13340015056713325,0.0,0.0,0.0,0.0,0.0,0.0
100033814,0.0,0.0,0.11162821145213725,0.03581405818073815,0.0,0.05315549591663712,0.0,0.0,0.0,0.05704179360903428,0.0,0.0,0.03428538826410261,0.0,0.0,0.0,0.0,0.0,0.0,0.0,0.0,0.04214285527747289,0.0,0.0,0.0,0.06260651588783399,0.06260651588783399,0.0,0.0,0.14273798009349728,0.0,0.0,0.0,0.0,0.0,0.0,0.0,0.0,0.0,0.0,0.0,0.0,0.0,0.0,0.0,0.0,0.0,0.0,0.0,0.0,0.0,0.0,0.0,0.0,0.0,0.0,0.0,0.0,0.0,0.0,0.0,0.0,0.0,1.0,0.9998289121418823,1.0,0.9998289121418823,1.0,0.9998289121418823,0.8888888888888888,0.3333333333333333,0.6666666666666666,0.41666666666666663,1.0,1.0,0.7777777777777778,0.0590738704082977,0.0,0.0,0.0,0.0,0.0,0.0,0.0,0.0,0.056290620731777506,0.0,0.0,0.0,0.0,0.0,0.0,0.0,0.0,0.0,0.0,0.0,0.0,0.0,0.0,0.0,0.0,0.0,0.0,0.0,0.0,0.09553805774278215,0.0,0.0,0.0,0.0,0.0,0.0,0.0,0.0,0.0,0.0,0.21071138888552268,0.0,0.0,0.033304857134003656,0.0,0.0,0.0,0.0,0.0,0.0,0.0,0.0,0.0,0.14284363432134717,0.0,0.0,0.0,0.0,0.07777774921406931,0.0,0.0,0.045064368083148704,0.0,0.1755087381118804,0.1755087381118804,0.1755087381118804,0.1755087381118804,0.1755087381118804,0.048517761466324145,0.0,0.0,0.0,0.0,0.0,0.0,0.0,0.0,0.0,0.0,0.0,0.0,0.0,0.0,0.0,0.0,0.0,0.0,0.0,0.0,0.0,0.0,0.0,0.0,0.0,0.0,0.0,0.0,0.0,0.0,0.0,0.0,0.0,0.05312628925164119,0.05312628925164119,0.0,0.0,0.0,0.0,0.0,0.0,0.0,0.0,0.0,0.0,0.0,0.0,0.0,0.0,0.0,0.21071138888552268,0.0,0.0,0.0,0.0,0.0,0.09505929686627992,0.06690461026146073,0.0,0.0,0.0,0.0,0.0,0.0,0.0,0.0,0.0,0.1418802058256965,0.0,0.0,0.0,0.0,0.0,0.0
100033816,0.0,0.0,0.11162821145213725,0.03581405818073815,0.0,0.05315549591663712,0.0,0.0,0.0,0.05704179360903428,0.0,0.0,0.03428538826410261,0.0,0.0,0.0,0.0,0.0,0.0,0.0,0.0,0.04214285527747289,0.0,0.0,0.0,0.06260651588783399,0.06260651588783399,0.0,0.0,0.14273798009349728,0.0,0.0,0.0,0.0,0.0,0.0,0.0,0.0,0.0,0.0,0.0,0.0,0.0,0.0,0.0,0.0,0.0,0.0,0.0,0.0,0.0,0.0,0.0,0.0,0.0,0.0,0.0,0.0,0.0,0.0,0.0,0.0,0.0,1.0,0.9998289121418823,1.0,0.9998289121418823,1.0,0.9998289121418823,0.8888888888888888,0.3333333333333333,0.6666666666666666,0.41666666666666663,1.0,1.0,0.7777777777777778,0.0590738704082977,0.0,0.0,0.0,0.0,0.0,0.0,0.0,0.0,0.056290620731777506,0.0,0.0,0.0,0.0,0.0,0.0,0.0,0.0,0.0,0.0,0.0,0.0,0.0,0.0,0.0,0.0,0.0,0.0,0.0,0.0,0.09553805774278215,0.0,0.0,0.0,0.0,0.0,0.0,0.0,0.0,0.0,0.0,0.21071138888552268,0.0,0.0,0.033304857134003656,0.0,0.0,0.0,0.0,0.0,0.0,0.0,0.0,0.0,0.14284363432134717,0.0,0.0,0.0,0.0,0.07777774921406931,0.0,0.0,0.045064368083148704,0.0,0.1755087381118804,0.1755087381118804,0.1755087381118804,0.1755087381118804,0.1755087381118804,0.048517761466324145,0.0,0.0,0.0,0.0,0.0,0.0,0.0,0.0,0.0,0.0,0.0,0.0,0.0,0.0,0.0,0.0,0.0,0.0,0.0,0.0,0.0,0.0,0.0,0.0,0.0,0.0,0.0,0.0,0.0,0.0,0.0,0.0,0.0,0.05312628925164119,0.05312628925164119,0.0,0.0,0.0,0.0,0.0,0.0,0.0,0.0,0.0,0.0,0.0,0.0,0.0,0.0,0.0,0.21071138888552268,0.0,0.0,0.0,0.0,0.0,0.09505929686627992,0.06690461026146073,0.0,0.0,0.0,0.0,0.0,0.0,0.0,0.0,0.0,0.1418802058256965,0.0,0.0,0.0,0.0,0.0,0.0
100033445,0.0,0.0,0.05286357269084413,0.03581405818073815,0.0,0.05315549591663712,0.0,0.0,0.0,0.05704179360903428,0.0,0.0,0.03428538826410261,0.0,0.0,0.0,0.0,0.0,0.0,0.0,0.0,0.04214285527747289,0.0,0.0,0.0,0.06260651588783399,0.06260651588783399,0.0,0.0,0.14273798009349728,0.0,0.0,0.0,0.0,0.0,0.0,0.0,0.0,0.0,0.0,0.0,0.0,0.0,0.0,0.0,0.0,0.0,0.0,0.0,0.0,0.0,0.0,0.0,0.0,0.0,0.0,0.0,0.0,0.0,0.0,0.0,0.0,0.0,0.7777777777777778,0.777659492565567,0.7777777777777778,0.777659492565567,0.7777777777777778,0.777659492565567,0.7,0.3333333333333333,0.8749999999999999,0.41666666666666663,0.7777777777777778,0.7777777777777778,1.0,0.0590738704082977,0.0,0.0,0.0,0.0,0.0,0.0,0.0,0.0,0.056290620731777506,0.0,0.0,0.0,0.0,0.0,0.0,0.0,0.0,0.0,0.0,0.0,0.0,0.0,0.0,0.0,0.0,0.0,0.0,0.0,0.0,0.09553805774278215,0.0,0.0,0.0,0.0,0.0,0.0,0.0,0.0,0.0,0.0,0.21071138888552268,0.0,0.0,0.033304857134003656,0.0,0.05789447447771131,0.0,0.0,0.0,0.0,0.0,0.0,0.0,0.14284363432134717,0.0,0.0,0.0,0.0,0.07777774921406931,0.0,0.0,0.1485811164358775,0.0,0.14210063134453682,0.14210063134453682,0.14210063134453682,0.14210063134453682,0.14210063134453682,0.048517761466324145,0.0,0.0,0.0,0.0,0.0,0.0,0.0,0.0,0.0,0.0,0.0,0.0,0.0,0.0,0.0,0.0,0.0,0.0,0.0,0.0,0.0,0.0,0.0,0.0,0.0,0.0,0.0,0.0,0.0,0.0,0.0,0.0,0.0,0.112214097083027,0.112214097083027,0.0,0.0,0.0,0.0,0.0,0.0,0.0,0.0,0.0,0.0,0.0,0.0,0.0,0.0,0.0,0.21071138888552268,0.0,0.0,0.0,0.0,0.0,0.09505929686627992,0.06690461026146073,0.0,0.0,0.0,0.0,0.0,0.0,0.0,0.0,0.0,0.1418802058256965,0.0,0.0,0.0,0.0,0.0,0.0
100033413,0.0,0.040928796519657897,0.0,0.0,0.0,0.0,0.03565967319894251,0.08047961641245704,0.04358013614991204,0.0,0.0,0.0,0.0,0.024488009565297845,0.094539773619859,0.09424246873502087,0.0,0.0,0.0,0.0,0.033293138334244056,0.0,0.0,0.0,0.10518823696939278,0.18752825415408927,0.18752825415408927,0.0,0.0,0.0,0.0,0.0,0.0,0.0,0.20368370512445177,0.0,0.0,0.0,0.0,0.0,0.0,0.0,0.0,0.0,0.0,0.0,0.0,0.0,0.0,0.0,0.0,0.0,0.0,0.0,0.0,0.0,0.0,0.0,0.0,0.0,0.0,0.0,0.0,0.0590738704082977,0.059014338198009476,0.0590738704082977,0.059014338198009476,0.0590738704082977,0.059014338198009476,0.05517937245943258,0.0590738704082977,0.06355985325084582,0.05517937245943258,0.0590738704082977,0.0590738704082977,0.0590738704082977,1.0,0.23298645131553603,0.23298645131553603,0.375008624721132,0.23298645131553603,0.23298645131553603,0.23298645131553603,0.2533224384332782,0.13074567292364164,0.909090909090909,0.0,0.0,0.0,0.0,0.0,0.042873575384032386,0.0852920429951775,0.07372400692293798,0.032119049285090205,0.0,0.0,0.0,0.0,0.0,0.0,0.0,0.0,0.049469849745102094,0.0,0.05894349916207295,0.0,0.0,0.0,0.0,0.0,0.09812734345140206,0.0,0.059070711262346046,0.0,0.0,0.0,0.0,0.0,0.0,0.0,0.0,0.0,0.0,0.037990498235817724,0.05364666481682633,0.108255960209667,0.0,0.0,0.0,0.05912207365975887,0.0,0.0,0.0,0.0,0.0,0.0,0.0,0.0,0.0,0.022861511402226628,0.022861511402226628,0.022861511402226628,0.022861511402226628,0.022861511402226628,0.0,0.0,0.16530263142104276,0.11053576442676179,0.0,0.0,0.0,0.0,0.0,0.0,0.0,0.0,0.0,0.0,0.09810376249310687,0.0,0.0,0.016531309256568486,0.0,0.0,0.0,0.0,0.0,0.0,0.0,0.046757494189941164,0.0,0.05207318958641201,0.0,0.0,0.0,0.0,0.0,0.0,0.0,0.0,0.048898122985210374,0.0,0.0,0.0,0.03824935307609198,0.0,0.0,0.0,0.0,0.0,0.0,0.0,0.0,0.0,0.0,0.0,0.0,0.0,0.0,0.0,0.03798996714749264,0.03978067222105864,0.05755910047051328,0.0,0.0,0.0,0.0,0.0,0.05973718933335432,0.0,0.0,0.0,0.0582526743108139,0.0,0.0,0.0,0.0,0.0,0.0
100033427,0.0,0.0,0.0,0.0,0.0,0.0,0.04468486851521186,0.049640281062689785,0.05756119917686326,0.0,0.0,0.0,0.0,0.03251519800998071,0.0,0.0,0.0,0.0,0.0,0.0,0.0,0.0,0.0,0.0,0.059523165427053194,0.15098867085462767,0.15098867085462767,0.0,0.0,0.0,0.0,0.0,0.0,0.0,0.1829166284919575,0.0,0.0,0.0,0.0,0.0,0.0,0.0,0.0,0.0,0.0,0.0,0.0,0.0,0.0,0.0,0.0,0.0,0.0,0.0,0.0,0.0,0.0,0.0,0.0,0.0,0.0,0.0,0.0,0.0,0.0,0.0,0.0,0.0,0.0,0.0,0.0,0.0,0.0,0.0,0.0,0.0,0.23298645131553603,1.0,1.0,0.16358385445676893,1.0,1.0,1.0,0.375,0.15722682693520487,0.21670489391582018,0.0,0.0,0.0,0.0,0.0,0.05185065442777913,0.0,0.0,0.0,0.0,0.0,0.0,0.0,0.0,0.0,0.0,0.0,0.0,0.0,0.0,0.0,0.0,0.0,0.0,0.0,0.133578652596667,0.0,0.07678395739784272,0.0,0.0,0.0,0.0,0.0,0.0,0.0,0.0,0.0,0.0,0.043878117691572835,0.06463346126058345,0.15969534094766866,0.0,0.0,0.0,0.0,0.056490157983914276,0.0,0.053951698140639534,0.0,0.0,0.0,0.07504529817146655,0.044786264938531294,0.13357408169139834,0.02916923038868602,0.02916923038868602,0.02916923038868602,0.02916923038868602,0.02916923038868602,0.0,0.0,0.06678229612299504,0.0,0.0,0.0,0.0,0.0,0.0,0.0,0.0,0.0,0.0,0.0,0.11676444682004389,0.0,0.0,0.0,0.0,0.0,0.0,0.0,0.0,0.0,0.0,0.0,0.0,0.0615641195154425,0.04654810052955771,0.0,0.0,0.0,0.10036562831780413,0.0,0.0,0.0,0.0575568529312039,0.0,0.0,0.0,0.04703829278021538,0.07803219818634702,0.0,0.0,0.0,0.0,0.0,0.0,0.0,0.0,0.0,0.0,0.0,0.0,0.0,0.0,0.04387743231405495,0.0,0.0,0.0,0.0,0.0,0.0,0.0,0.0342347216801454,0.07777986964911408,0.0,0.0,0.0,0.0,0.0,0.0,0.0,0.0,0.0
100033428,0.0,0.0,0.0,0.0,0.0,0.0,0.04468486851521186,0.049640281062689785,0.05756119917686326,0.0,0.0,0.0,0.0,0.03251519800998071,0.0,0.0,0.0,0.0,0.0,0.0,0.0,0.0,0.0,0.0,0.059523165427053194,0.15098867085462767,0.15098867085462767,0.0,0.0,0.0,0.0,0.0,0.0,0.0,0.1829166284919575,0.0,0.0,0.0,0.0,0.0,0.0,0.0,0.0,0.0,0.0,0.0,0.0,0.0,0.0,0.0,0.0,0.0,0.0,0.0,0.0,0.0,0.0,0.0,0.0,0.0,0.0,0.0,0.0,0.0,0.0,0.0,0.0,0.0,0.0,0.0,0.0,0.0,0.0,0.0,0.0,0.0,0.23298645131553603,1.0,1.0,0.16358385445676893,1.0,1.0,1.0,0.375,0.15722682693520487,0.21670489391582018,0.0,0.0,0.0,0.0,0.0,0.05185065442777913,0.0,0.0,0.0,0.0,0.0,0.0,0.0,0.0,0.0,0.0,0.0,0.0,0.0,0.0,0.0,0.0,0.0,0.0,0.0,0.133578652596667,0.0,0.07678395739784272,0.0,0.0,0.0,0.0,0.0,0.0,0.0,0.0,0.0,0.0,0.043878117691572835,0.06463346126058345,0.15969534094766866,0.0,0.0,0.0,0.0,0.056490157983914276,0.0,0.053951698140639534,0.0,0.0,0.0,0.07504529817146655,0.044786264938531294,0.13357408169139834,0.02916923038868602,0.02916923038868602,0.02916923038868602,0.02916923038868602,0.02916923038868602,0.0,0.0,0.06678229612299504,0.0,0.0,0.0,0.0,0.0,0.0,0.0,0.0,0.0,0.0,0.0,0.11676444682004389,0.0,0.0,0.0,0.0,0.0,0.0,0.0,0.0,0.0,0.0,0.0,0.0,0.0615641195154425,0.04654810052955771,0.0,0.0,0.0,0.10036562831780413,0.0,0.0,0.0,0.0575568529312039,0.0,0.0,0.0,0.04703829278021538,0.07803219818634702,0.0,0.0,0.0,0.0,0.0,0.0,0.0,0.0,0.0,0.0,0.0,0.0,0.0,0.0,0.04387743231405495,0.0,0.0,0.0,0.0,0.0,0.0,0.0,0.0342347216801454,0.07777986964911408,0.0,0.0,0.0,0.0,0.0,0.0,0.0,0.0,0.0
100033414,0.11366796447880954,0.04800682204942716,0.0,0.0,0.0,0.0,0.02187902214551573,0.0465776135167793,0.024454734101712297,0.0,0.0,0.0,0.0,0.12033824373235384,0.05152233386778009,0.05106274486374254,0.0,0.053024039464737036,0.0,0.0,0.018354255405703034,0.0,0.0,0.0,0.07022191427981418,0.069623315918666,0.069623315918666,0.0,0.0,0.0,0.0,0.0,0.0,0.12828320141239208,0.14400228546627458,0.0,0.0,0.0,0.0,0.0,0.0,0.04146362738659893,0.0,0.0,0.0,0.0,0.0,0.0,0.0,0.0,0.0,0.0,0.0,0.0,0.0,0.0,0.0,0.0,0.0,0.0,0.0,0.0,0.0,0.0,0.0,0.0,0.0,0.0,0.0,0.0,0.0,0.0,0.0,0.0,0.0,0.0,0.375008624721132,0.16358385445676893,0.16358385445676893,1.0,0.16358385445676893,0.16358385445676893,0.16358385445676893,0.12285706425921578,0.31857965502241037,0.3600079485356829,0.0,0.0,0.0,0.0,0.0,0.05801063498980723,0.05898840929091989,0.039537377348215025,0.022161508629473154,0.0,0.0,0.0,0.0,0.0,0.0,0.0,0.0,0.06463549132167479,0.03033679193195722,0.07529138442935619,0.0,0.0,0.0,0.0,0.0,0.052765701169326336,0.0,0.03405621338320878,0.0,0.0,0.0,0.0,0.0,0.0,0.0,0.0,0.0,0.0,0.056796474151964295,0.03557694286136765,0.052278154227169166,0.0,0.0,0.0,0.0,0.0,0.0,0.0,0.0,0.0,0.0,0.0,0.028559708127844877,0.05177971136476213,0.013568895119630279,0.013568895119630279,0.013568895119630279,0.013568895119630279,0.013568895119630279,0.0,0.0,0.13054211341627966,0.07447525618379584,0.0,0.0,0.0,0.0,0.0,0.0,0.0,0.0,0.0,0.0,0.06699228796690776,0.0,0.0,0.3626922494614063,0.0,0.0,0.0,0.0,0.0,0.0,0.0,0.3353667329694555,0.0,0.07456143840207607,0.026619229007401334,0.0,0.0,0.0,0.040988654332814956,0.0,0.0,0.0,0.07053966171701549,0.0,0.07744937798162076,0.0,0.024317648529890813,0.0,0.0,0.0,0.0,0.0,0.0,0.1319618228961275,0.0,0.0,0.0,0.0,0.0,0.0,0.0,0.0,0.0276137662334377,0.0,0.02075496226920403,0.0,0.0,0.0,0.0,0.0,0.04091431941070375,0.031530165831265125,0.0,0.0,0.0,0.0,0.039429063500375804,0.0,0.0,0.0,0.0
100033431,0.0,0.0,0.0,0.0,0.0,0.0,0.04468486851521186,0.049640281062689785,0.05756119917686326,0.0,0.0,0.0,0.0,0.03251519800998071,0.0,0.0,0.0,0.0,0.0,0.0,0.0,0.0,0.0,0.0,0.059523165427053194,0.15098867085462767,0.15098867085462767,0.0,0.0,0.0,0.0,0.0,0.0,0.0,0.1829166284919575,0.0,0.0,0.0,0.0,0.0,0.0,0.0,0.0,0.0,0.0,0.0,0.0,0.0,0.0,0.0,0.0,0.0,0.0,0.0,0.0,0.0,0.0,0.0,0.0,0.0,0.0,0.0,0.0,0.0,0.0,0.0,0.0,0.0,0.0,0.0,0.0,0.0,0.0,0.0,0.0,0.0,0.23298645131553603,1.0,1.0,0.16358385445676893,1.0,1.0,1.0,0.375,0.15722682693520487,0.21670489391582018,0.0,0.0,0.0,0.0,0.0,0.05185065442777913,0.0,0.0,0.0,0.0,0.0,0.0,0.0,0.0,0.0,0.0,0.0,0.0,0.0,0.0,0.0,0.0,0.0,0.0,0.0,0.133578652596667,0.0,0.07678395739784272,0.0,0.0,0.0,0.0,0.0,0.0,0.0,0.0,0.0,0.0,0.043878117691572835,0.06463346126058345,0.15969534094766866,0.0,0.0,0.0,0.0,0.056490157983914276,0.0,0.053951698140639534,0.0,0.0,0.0,0.07504529817146655,0.044786264938531294,0.13357408169139834,0.02916923038868602,0.02916923038868602,0.02916923038868602,0.02916923038868602,0.02916923038868602,0.0,0.0,0.06678229612299504,0.0,0.0,0.0,0.0,0.0,0.0,0.0,0.0,0.0,0.0,0.0,0.11676444682004389,0.0,0.0,0.0,0.0,0.0,0.0,0.0,0.0,0.0,0.0,0.0,0.0,0.0615641195154425,0.04654810052955771,0.0,0.0,0.0,0.10036562831780413,0.0,0.0,0.0,0.0575568529312039,0.0,0.0,0.0,0.04703829278021538,0.07803219818634702,0.0,0.0,0.0,0.0,0.0,0.0,0.0,0.0,0.0,0.0,0.0,0.0,0.0,0.0,0.04387743231405495,0.0,0.0,0.0,0.0,0.0,0.0,0.0,0.0342347216801454,0.07777986964911408,0.0,0.0,0.0,0.0,0.0,0.0,0.0,0.0,0.0
100033432,0.0,0.0,0.0,0.0,0.0,0.0,0.04468486851521186,0.049640281062689785,0.05756119917686326,0.0,0.0,0.0,0.0,0.03251519800998071,0.0,0.0,0.0,0.0,0.0,0.0,0.0,0.0,0.0,0.0,0.059523165427053194,0.15098867085462767,0.15098867085462767,0.0,0.0,0.0,0.0,0.0,0.0,0.0,0.1829166284919575,0.0,0.0,0.0,0.0,0.0,0.0,0.0,0.0,0.0,0.0,0.0,0.0,0.0,0.0,0.0,0.0,0.0,0.0,0.0,0.0,0.0,0.0,0.0,0.0,0.0,0.0,0.0,0.0,0.0,0.0,0.0,0.0,0.0,0.0,0.0,0.0,0.0,0.0,0.0,0.0,0.0,0.23298645131553603,1.0,1.0,0.16358385445676893,1.0,1.0,1.0,0.375,0.15722682693520487,0.21670489391582018,0.0,0.0,0.0,0.0,0.0,0.05185065442777913,0.0,0.0,0.0,0.0,0.0,0.0,0.0,0.0,0.0,0.0,0.0,0.0,0.0,0.0,0.0,0.0,0.0,0.0,0.0,0.133578652596667,0.0,0.07678395739784272,0.0,0.0,0.0,0.0,0.0,0.0,0.0,0.0,0.0,0.0,0.043878117691572835,0.06463346126058345,0.15969534094766866,0.0,0.0,0.0,0.0,0.056490157983914276,0.0,0.053951698140639534,0.0,0.0,0.0,0.07504529817146655,0.044786264938531294,0.13357408169139834,0.02916923038868602,0.02916923038868602,0.02916923038868602,0.02916923038868602,0.02916923038868602,0.0,0.0,0.06678229612299504,0.0,0.0,0.0,0.0,0.0,0.0,0.0,0.0,0.0,0.0,0.0,0.11676444682004389,0.0,0.0,0.0,0.0,0.0,0.0,0.0,0.0,0.0,0.0,0.0,0.0,0.0615641195154425,0.04654810052955771,0.0,0.0,0.0,0.10036562831780413,0.0,0.0,0.0,0.0575568529312039,0.0,0.0,0.0,0.04703829278021538,0.07803219818634702,0.0,0.0,0.0,0.0,0.0,0.0,0.0,0.0,0.0,0.0,0.0,0.0,0.0,0.0,0.04387743231405495,0.0,0.0,0.0,0.0,0.0,0.0,0.0,0.0342347216801454,0.07777986964911408,0.0,0.0,0.0,0.0,0.0,0.0,0.0,0.0,0.0
100033435,0.0,0.0,0.0,0.0,0.0,0.0,0.04468486851521186,0.049640281062689785,0.05756119917686326,0.0,0.0,0.0,0.0,0.03251519800998071,0.0,0.0,0.0,0.0,0.0,0.0,0.0,0.0,0.0,0.0,0.059523165427053194,0.15098867085462767,0.15098867085462767,0.0,0.0,0.0,0.0,0.0,0.0,0.0,0.1829166284919575,0.0,0.0,0.0,0.0,0.0,0.0,0.0,0.0,0.0,0.0,0.0,0.0,0.0,0.0,0.0,0.0,0.0,0.0,0.0,0.0,0.0,0.0,0.0,0.0,0.0,0.0,0.0,0.0,0.0,0.0,0.0,0.0,0.0,0.0,0.0,0.0,0.0,0.0,0.0,0.0,0.0,0.23298645131553603,1.0,1.0,0.16358385445676893,1.0,1.0,1.0,0.375,0.15722682693520487,0.21670489391582018,0.0,0.0,0.0,0.0,0.0,0.05185065442777913,0.0,0.0,0.0,0.0,0.0,0.0,0.0,0.0,0.0,0.0,0.0,0.0,0.0,0.0,0.0,0.0,0.0,0.0,0.0,0.133578652596667,0.0,0.07678395739784272,0.0,0.0,0.0,0.0,0.0,0.0,0.0,0.0,0.0,0.0,0.043878117691572835,0.06463346126058345,0.15969534094766866,0.0,0.0,0.0,0.0,0.056490157983914276,0.0,0.053951698140639534,0.0,0.0,0.0,0.07504529817146655,0.044786264938531294,0.13357408169139834,0.02916923038868602,0.02916923038868602,0.02916923038868602,0.02916923038868602,0.02916923038868602,0.0,0.0,0.06678229612299504,0.0,0.0,0.0,0.0,0.0,0.0,0.0,0.0,0.0,0.0,0.0,0.11676444682004389,0.0,0.0,0.0,0.0,0.0,0.0,0.0,0.0,0.0,0.0,0.0,0.0,0.0615641195154425,0.04654810052955771,0.0,0.0,0.0,0.10036562831780413,0.0,0.0,0.0,0.0575568529312039,0.0,0.0,0.0,0.04703829278021538,0.07803219818634702,0.0,0.0,0.0,0.0,0.0,0.0,0.0,0.0,0.0,0.0,0.0,0.0,0.0,0.0,0.04387743231405495,0.0,0.0,0.0,0.0,0.0,0.0,0.0,0.0342347216801454,0.07777986964911408,0.0,0.0,0.0,0.0,0.0,0.0,0.0,0.0,0.0
100033436,0.0,0.0,0.0,0.0,0.0,0.0,0.04767707699631529,0.053456982307359575,0.06271228490243815,0.0,0.0,0.0,0.0,0.0,0.0,0.0,0.0,0.0,0.0,0.0,0.0,0.0,0.0,0.0,0.0,0.16242435888901627,0.16242435888901627,0.0,0.0,0.0,0.0,0.0,0.0,0.0,0.2492659046237551,0.0,0.0,0.14807511597927298,0.0,0.0,0.0,0.09369277105209224,0.0,0.0,0.0,0.0,0.10723040343871643,0.0,0.10723040343871643,0.0,0.12444247493882178,0.1480762860204662,0.0,0.0,0.0,0.0,0.0,0.0,0.0,0.0,0.12444247493882178,0.0,0.0,0.0,0.0,0.0,0.0,0.0,0.0,0.0,0.0,0.0,0.0,0.0,0.0,0.0,0.2533224384332782,0.375,0.375,0.12285706425921578,0.375,0.375,0.375,1.0,0.23280402863517727,0.23419129341300018,0.0,0.0,0.0,0.0,0.0,0.0,0.0,0.0,0.0,0.0,0.0,0.0,0.0,0.0,0.0,0.0,0.0,0.06469159170900891,0.0,0.0,0.0,0.0,0.0,0.0,0.0,0.14728423901123233,0.0,0.08309224507821991,0.0,0.0,0.0,0.0,0.0,0.0,0.0,0.0,0.0,0.0,0.0,0.06793925365616049,0.18263441893568633,0.0,0.0,0.0,0.0,0.0,0.0,0.0,0.0,0.0,0.0,0.0,0.0,0.0,0.0,0.0,0.0,0.0,0.0,0.0,0.0,0.06824166155777212,0.0,0.0,0.0,0.0,0.0,0.0,0.0,0.0,0.0,0.0,0.0,0.2782478880617272,0.14831073333261308,0.0,0.0,0.0,0.0,0.0,0.0,0.0,0.0,0.0,0.0,0.0,0.0,0.0,0.0,0.0,0.0,0.0,0.0,0.0,0.0,0.0,0.0,0.0,0.0,0.04982992119329825,0.0,0.0,0.0,0.0,0.0,0.0,0.0,0.0,0.0,0.0,0.0,0.0,0.0,0.0,0.0,0.04544575570285663,0.0,0.0,0.0,0.0,0.0,0.0,0.0,0.03573298840624136,0.0,0.0,0.0,0.0,0.0,0.0,0.0,0.0,0.0,0.0
100033821,0.11008715340077199,0.0,0.0,0.0,0.0,0.0,0.027872622116925646,0.029196111826210215,0.03161412794428018,0.0,0.0,0.0,0.0,0.07426939803496903,0.0,0.0,0.022875980257958794,0.0,0.018550319292712635,0.0,0.02376728235057731,0.0,0.0,0.0,0.0,0.08993893998782305,0.08993893998782305,0.0,0.0,0.0,0.0,0.0559806144020126,0.0,0.10939151747657576,0.1825554935782919,0.0,0.0,0.06661744076282904,0.0,0.0,0.0,0.053166665051637925,0.0,0.0,0.0,0.0,0.05638733113488339,0.0,0.05638733113488339,0.0,0.06033167919979062,0.06315821916719519,0.0,0.0,0.0,0.0,0.0,0.0,0.0,0.0,0.06033167919979062,0.0,0.0,0.0,0.0,0.0,0.0,0.0,0.0,0.0,0.0,0.0,0.0,0.0,0.0,0.0,0.13074567292364164,0.15722682693520487,0.15722682693520487,0.31857965502241037,0.15722682693520487,0.15722682693520487,0.15722682693520487,0.23280402863517727,1.0,0.12597150258066586,0.0,0.0,0.0,0.0,0.0,0.0,0.03570130507934579,0.0,0.0,0.0,0.0,0.0,0.0,0.0,0.0,0.0,0.0,0.0,0.0,0.0,0.0,0.0,0.0,0.0,0.0,0.06898462717227491,0.037091390927791804,0.04391274499175467,0.0,0.0,0.0,0.0,0.0,0.04350434692396091,0.0,0.0,0.08867788476794163,0.0,0.0,0.04482533212417563,0.06939385677945469,0.0,0.0,0.0,0.0,0.0,0.0,0.0,0.0,0.0,0.0,0.0,0.0,0.0,0.0,0.0,0.0,0.0,0.0,0.0,0.0,0.05890881811723343,0.0,0.0,0.0,0.0,0.0,0.0,0.0,0.0,0.0,0.0,0.0,0.1321771412807589,0.044698250914492164,0.0,0.2500922366918874,0.04745660138403615,0.0,0.0,0.0,0.0,0.0,0.0,0.18436345992575984,0.0,0.0,0.0,0.0,0.0,0.0,0.05332524418923245,0.0,0.0,0.0,0.0,0.0,0.0,0.0468901643990137,0.030807260673378124,0.0,0.0,0.0,0.0,0.0,0.0,0.10762354036330499,0.0,0.0,0.0,0.0,0.0,0.0,0.0,0.0,0.070751536069038,0.0,0.0,0.0,0.0,0.0,0.0,0.0,0.025007530455986048,0.08547225149318452,0.0,0.0,0.0,0.0,0.0,0.0,0.0,0.0,0.04871079199668253
100033415,0.0,0.03870733871908668,0.0,0.0,0.0,0.0,0.03401171769382562,0.07621236109689643,0.041107051169196156,0.0,0.0,0.0,0.0,0.023069495822280624,0.0888341382565044,0.08848638323324406,0.0,0.0,0.0,0.0,0.031331420559764275,0.0,0.0,0.0,0.10130767405330436,0.17751674896905717,0.17751674896905717,0.0,0.0,0.0,0.0,0.0,0.0,0.0,0.19739051112489103,0.0,0.0,0.0,0.0,0.0,0.0,0.0,0.0,0.0,0.0,0.0,0.0,0.0,0.0,0.0,0.0,0.0,0.0,0.0,0.0,0.0,0.0,0.0,0.0,0.0,0.0,0.0,0.0,0.056290620731777506,0.05627098502802791,0.056290620731777506,0.05627098502802791,0.056290620731777506,0.05627098502802791,0.052743436409327646,0.056290620731777506,0.06034932843593597,0.052743436409327646,0.056290620731777506,0.056290620731777506,0.056290620731777506,0.909090909090909,0.21670489391582018,0.21670489391582018,0.3600079485356829,0.21670489391582018,0.21670489391582018,0.21670489391582018,0.23419129341300018,0.12597150258066586,1.0,0.0,0.0,0.0,0.0,0.0,0.041221470175572476,0.08246335434731927,0.06912604643187345,0.03104596695009633,0.0,0.0,0.0,0.0,0.0,0.0,0.0,0.0,0.047356204654340435,0.0,0.05624085129234824,0.0,0.0,0.0,0.0,0.0,0.09204051339824645,0.0,0.055911548238364826,0.0,0.0,0.0,0.0,0.0,0.0,0.0,0.019614619104841528,0.0,0.0,0.03692318225637361,0.05162943533466112,0.10001748841197552,0.0,0.0,0.0,0.05630001638718192,0.0,0.0,0.0,0.0,0.0,0.0,0.0,0.0,0.0,0.021717379670890682,0.021717379670890682,0.021717379670890682,0.021717379670890682,0.021717379670890682,0.0,0.0,0.16198457064026373,0.10656645069209628,0.0,0.0,0.0,0.0,0.0,0.0,0.0,0.0,0.0,0.0,0.09471990453905055,0.0,0.0,0.016325954516899627,0.0,0.0,0.0,0.0,0.0,0.0,0.0,0.0452176580849487,0.0,0.05033516165032535,0.0,0.0,0.0,0.0,0.0,0.0,0.0,0.0,0.04731377591526612,0.0,0.0,0.0,0.036634802617428394,0.0,0.0,0.0,0.0,0.0,0.0,0.0,0.0,0.0,0.0,0.0,0.0,0.0,0.0,0.0,0.03692268058976552,0.038290489800207765,0.05601703629019905,0.0,0.0,0.0,0.0,0.0,0.05769532800333465,0.0,0.0,0.0,0.055814126621444284,0.0,0.0,0.0,0.0,0.0,0.0
692233,0.028411312530398608,0.025843718798292423,0.0,0.0,0.018049375276651857,0.0,0.0,0.025230485378899926,0.0,0.0,0.0,0.0,0.016127491416292845,0.0,0.0,0.0,0.08839349592190399,0.0,0.049598978726563145,0.027822403366134976,0.0,0.024882291317961335,0.0,0.0543053318296147,0.0,0.0,0.0,0.08743177506474077,0.0,0.0,0.0,0.0,0.0,0.0,0.0,0.0,0.0,0.0,0.0,0.042099661642749656,0.0,0.0,0.0,0.0,0.0,0.0,0.0,0.0,0.0,0.0,0.05092351816661672,0.0,0.0,0.0,0.0,0.0,0.0,0.06297777039710811,0.0,0.0,0.05092351816661672,0.0,0.0,0.0,0.0,0.0,0.0,0.0,0.0,0.0,0.0,0.0,0.0,0.0,0.0,0.0,0.0,0.0,0.0,0.0,0.0,0.0,0.0,0.0,0.0,0.0,1.0,0.0,0.0,0.0,0.0,0.0,0.0,0.0,0.0523567961483309,0.031533604870439554,0.0,0.0,0.0,0.0,0.0,0.0,0.0,0.0,0.0,0.0,0.0,0.0,0.0,0.0,0.05605247249385831,0.05786710043128624,0.07142857142857144,0.0,0.0,0.0,0.0,0.0,0.0,0.0,0.0,0.0,0.0,0.0,0.03228452917925925,0.0,0.0,0.0,0.0,0.0,0.0,0.0,0.04076592987312568,0.0,0.0,0.0,0.0,0.0,0.0,0.0,0.030531134475737083,0.030531134475737083,0.030531134475737083,0.030531134475737083,0.030531134475737083,0.027113242235157417,0.0,0.0,0.0,0.0,0.0,0.0,0.0,0.0,0.12189278434092884,0.04954360424595905,0.0,0.0,0.0,0.0,0.0,0.0,0.0,0.0,0.0,0.0,0.0,0.0,0.0,0.0,0.0,0.0,0.0,0.0,0.0,0.0,0.0,0.0,0.0,0.0,0.0,0.03944075275731265,0.0,0.04231041003924883,0.0,0.0,0.0,0.0,0.0,0.0,0.0,0.0,0.0,0.0,0.0,0.0,0.0,0.0,0.07554663821950401,0.0,0.0,0.0,0.0,0.0,0.0,0.0,0.0,0.0,0.0,0.0,0.0,0.0,0.0895291022437253,0.042099661642749656,0.05233990325905441,0.0,0.03900217581133318,0.0,0.0,0.0
727676,0.0,0.03444213074281525,0.04177456388567176,0.0,0.0,0.0,0.0,0.0,0.07688340692083986,0.0,0.0,0.0,0.03011779629238709,0.02105030382425268,0.0,0.0,0.0,0.04180759226969971,0.020629614392188744,0.0,0.0,0.06425796612448051,0.0,0.0,0.0,0.04530078034239344,0.04530078034239344,0.0,0.0,0.0,0.0,0.0,0.0,0.0,0.0,0.0,0.0,0.0,0.09677046055961669,0.0,0.0,0.056098458635820074,0.0,0.0,0.0,0.0,0.0,0.056098458635820074,0.0,0.0,0.0,0.0,0.0,0.0,0.0,0.0,0.0,0.0,0.0,0.0,0.0,0.0,0.0,0.0,0.0,0.0,0.0,0.0,0.0,0.0,0.0,0.0,0.0,0.0,0.0,0.0,0.0,0.0,0.0,0.0,0.0,0.0,0.0,0.0,0.0,0.0,0.0,1.0,0.0,0.0,0.0,0.0,0.0,0.0,0.0,0.0,0.0,0.0,0.0,0.0,0.0,0.0,0.0,0.1291373426403615,0.0,0.0,0.0,0.035707953333715486,0.0,0.0,0.0,0.0,0.0,0.0,0.0,0.0,0.0,0.0,0.0,0.0,0.0,0.030598489337550258,0.0,0.0,0.0,0.0,0.0,0.0,0.0,0.03617431728678812,0.0,0.0,0.05269425291275892,0.03522678967620716,0.0,0.0,0.0,0.0,0.0,0.0,0.0,0.0,0.0,0.0,0.0,0.0,0.0,0.0,0.0,0.0,0.0,0.0,0.0,0.0,0.0,0.0,0.0,0.0,0.0,0.0,0.0,0.0,0.0,0.0,0.0,0.0,0.0,0.0,0.0,0.0,0.0,0.0,0.0,0.0,0.0,0.0,0.0,0.0,0.0,0.0,0.0,0.037699285106372736,0.0,0.046128513092128134,0.0,0.0,0.0,0.0,0.0,0.0,0.0,0.0,0.0,0.0,0.0,0.0,0.0,0.0,0.0,0.0,0.0,0.0,0.031341738571592906,0.021227600163866833,0.0,0.0,0.017045390913331855,0.0,0.020533814340892576,0.0,0.16505915562456533,0.0,0.0,0.0,0.0,0.0,0.0,0.06699569047865345,0.0,0.0
100113378,0.0,0.0,0.0,0.0,0.0,0.0,0.0,0.0,0.0,0.0,0.0,0.0,0.0,0.03891156462585034,0.0,0.1550703209504218,0.0,0.0,0.03669711653023564,0.0,0.0,0.05514486834698569,0.0,0.0,0.0,0.0,0.0,0.0,0.0,0.0,0.0,0.0,0.0,0.0,0.0,0.0,0.0,0.0,0.0,0.0,0.0,0.0,0.0,0.0,0.0,0.0,0.0,0.0,0.0,0.0,0.0,0.0,0.0,0.0,0.0,0.0,0.0,0.0,0.0,0.0,0.0,0.0,0.0,0.0,0.0,0.0,0.0,0.0,0.0,0.0,0.0,0.0,0.0,0.0,0.0,0.0,0.0,0.0,0.0,0.0,0.0,0.0,0.0,0.0,0.0,0.0,0.0,0.0,1.0,0.0,0.0,0.0,0.0,0.0,0.0,0.0,0.0,0.0,0.0,0.0,0.0,0.0,0.0,0.0,0.0,0.0,0.0,0.0,0.0,0.0,0.0,0.0,0.0,0.0,0.0,0.0,0.0,0.0,0.0,0.0,0.0,0.0,0.0,0.0,0.0,0.0,0.0,0.0,0.0,0.0,0.0,0.060244472133711646,0.0,0.0,0.0,0.0,0.0,0.0,0.0,0.0,0.0,0.0,0.0,0.0,0.0,0.0,0.0,0.0,0.0,0.0,0.0,0.0,0.0,0.0,0.0,0.0,0.0,0.0,0.0,0.0,0.0,0.0,0.0,0.0,0.0,0.0,0.0,0.0,0.0,0.0,0.0,0.0,0.0,0.0,0.0,0.0,0.0,0.0,0.0,0.06233563296308373,0.06233563296308373,0.0,0.0,0.0,0.0,0.0,0.0,0.0,0.0,0.0,0.0,0.0,0.0,0.0,0.0,0.0,0.0,0.0,0.06446704903614447,0.0,0.0,0.0,0.0,0.0,0.0,0.0,0.0,0.0,0.0,0.0,0.0,0.0,0.0,0.0,0.0,0.0,0.0,0.05889986093953342,0.0,0.0
100113392,0.0,0.0,0.0,0.0,0.0,0.0,0.0,0.0,0.0,0.0,0.0,0.0,0.0,0.0,0.0,0.0,0.0,0.0,0.0,0.0,0.0,0.0,0.0,0.0,0.0,0.0,0.0,0.0,0.0,0.0,0.0,0.0,0.0,0.0,0.0,0.0,0.0,0.0,0.0,0.0,0.0,0.0,0.0,,,0.0,0.0,0.0,0.0,0.0,0.0,0.0,,0.0,,0.0,,0.0,,,0.0,0.0,,0.0,0.0,0.0,0.0,0.0,0.0,0.0,0.0,0.0,0.0,0.0,0.0,0.0,0.0,0.0,0.0,0.0,0.0,0.0,0.0,0.0,0.0,0.0,0.0,0.0,0.0,,0.0,0.0,0.0,0.0,0.0,0.0,0.0,0.0,0.0,0.0,0.0,0.0,0.0,0.0,0.0,0.0,0.0,0.0,0.0,0.0,0.0,0.0,0.0,0.0,0.0,0.0,0.0,0.0,0.0,0.0,0.0,0.0,0.0,0.0,0.0,0.0,0.0,,0.0,0.0,0.0,0.0,0.0,0.0,0.0,0.0,0.0,0.0,0.0,0.0,0.0,0.0,0.0,0.0,0.0,0.0,0.0,0.0,0.0,0.0,0.0,0.0,0.0,0.0,0.0,0.0,0.0,0.0,0.0,0.0,0.0,0.0,0.0,0.0,,0.0,0.0,0.0,0.0,0.0,0.0,0.0,0.0,0.0,0.0,0.0,0.0,0.0,0.0,0.0,0.0,0.0,,0.0,0.0,0.0,0.0,0.0,0.0,0.0,0.0,,0.0,0.0,0.0,0.0,0.0,0.0,0.0,0.0,,0.0,0.0,0.0,0.0,0.0,0.0,0.0,0.0,0.0,0.0,0.0,0.0,0.0,0.0,0.0,0.0,0.0,0.0,0.0
692057,0.0,0.0,0.0,0.0,0.05521302839396469,0.0,0.0,0.0,0.0,0.0,0.0,0.0,0.0,0.0,0.0,0.0,0.0,0.0,0.0,0.0,0.0,0.0,0.0,0.0,0.0,0.0,0.0,0.0,0.0,0.0,0.0,0.0,0.0,0.0,0.0,0.0,0.0,0.0,0.0,0.0,0.0,0.0,0.0,0.0,0.0,0.0,0.0,0.0,0.0,0.0,0.0,0.0,0.0,0.0,0.0,0.0,0.0,0.0,0.0,0.0,0.0,0.0,0.0,0.0,0.0,0.0,0.0,0.0,0.0,0.0,0.0,0.0,0.0,0.0,0.0,0.0,0.0,0.0,0.0,0.0,0.0,0.0,0.0,0.0,0.0,0.0,0.0,0.0,0.0,0.0,1.0,0.0,0.0,0.0,0.0,0.0,0.0,0.0,0.0,0.0,0.0,0.10162761482788044,0.0,0.0,0.07480512332143227,0.0,0.0,0.0,0.0,0.0,0.0,0.0,0.0,0.0,0.0,0.0,0.0,0.0,0.0,0.0,0.0,0.026385927519765807,0.0,0.0,0.0,0.0,0.0,0.0,0.0,0.0,0.0,0.0,0.0,0.0,0.0,0.0,0.0,0.0,0.0,0.0,0.0,0.0,0.0,0.0,0.0,0.0,0.0,0.0,0.0,0.0,0.0,0.0,0.0,0.0,0.0,0.0,0.0,0.0,0.0,0.0,0.0,0.0,0.0,0.0,0.0,0.0,0.0,0.0,0.0,0.0,0.0,0.0,0.0,0.0,0.0,0.0,0.0,0.0,0.0,0.0,0.0,0.0,0.0,0.0,0.0,0.0,0.0,0.0,0.0,0.0,0.0,0.0,0.0968205220200921,0.0,0.0,0.0,0.0,0.0,0.0,0.0,0.0,0.0,0.0,0.0,0.0,0.0,0.0,0.0,0.0,0.0,0.0,0.0,0.0,0.0,0.0,0.0,0.0,0.0,0.0,0.0
100113379,0.0,0.0,0.0,0.02678571428571429,0.022774366876377097,0.0,0.0,0.0,0.0,0.0,0.0,0.0,0.022652012120487078,0.05971193468095541,0.0,0.07278633043154549,0.0,0.0,0.019923130856411505,0.0,0.05319509075371605,0.0,0.0,0.07212985347081749,0.043970087325011634,0.045793774095984875,0.045793774095984875,0.0,0.051985570592156825,0.0,0.0,0.0,0.0,0.0,0.03223052738970206,0.0,0.07324336990394881,0.0,0.0,0.04949622426318491,0.0,0.0,0.0,0.0,0.0,0.0,0.06073711586858661,0.0,0.0,0.0,0.06571161767847332,0.0,0.0,0.0,0.0,0.0,0.0,0.0,0.0,0.0,0.0,0.0,0.0,0.0,0.0,0.0,0.0,0.0,0.0,0.0,0.0,0.0,0.0,0.0,0.0,0.0,0.042873575384032386,0.05185065442777913,0.05185065442777913,0.05801063498980723,0.05185065442777913,0.05185065442777913,0.05185065442777913,0.0,0.0,0.041221470175572476,0.0,0.0,0.0,0.0,0.0,1.0,0.1644946507046764,0.05652096265434427,0.028493241261699616,0.0,0.0,0.04588340810914628,0.0,0.0,0.0,0.0949690144623051,0.09999999999999999,0.0,0.0835623749841172,0.10318460792183161,0.0,0.03215132054307238,0.0,0.0,0.0,0.07544679841339529,0.0,0.0,0.0,0.040117497343865334,0.0,0.0,0.06330628246183878,0.0,0.025439346249182523,0.0,0.0,0.0,0.20141734807333633,0.04660007209428519,0.0,0.0,0.0,0.0,0.0,0.0,0.0,0.0,0.0,0.0,0.0,0.0,0.03573158202066444,0.07434996338028746,0.018589190597148093,0.018589190597148093,0.018589190597148093,0.018589190597148093,0.018589190597148093,0.034505457328292646,0.0,0.028219121304227688,0.0,0.035851154082438635,0.0,0.0,0.0,0.0,0.0,0.0,0.0,0.0,0.0,0.04162110242968828,0.0,0.0,0.0,0.049582464090667244,0.0,0.0,0.0,0.0,0.0,0.0,0.0,0.0,0.15291563771615482,0.07136449483492388,0.0,0.0,0.0,0.058104809156116606,0.0,0.0,0.0,0.09129678248618531,0.0,0.0,0.0,0.032404828969084344,0.11178108467198188,0.0,0.0,0.0,0.048356392296884695,0.0,0.0,0.0,0.0,0.0,0.0,0.13392189937241392,0.041982477325865214,0.0,0.0,0.07188037897671146,0.0,0.0,0.0,0.0,0.0,0.0,0.0,0.052860064348236833,0.04474323138759104,0.0,0.0,0.0,0.0,0.0,0.0,0.0,0.0,0.0
101340252,0.0,0.030689790160584138,0.0,0.0,0.0,0.0,0.02850541616512283,0.0,0.0,0.0,0.034819970291478694,0.0,0.0,0.03625923129662793,0.06815419338053381,0.03267711651894252,0.023571559563010748,0.03397068530174504,0.018877776897761996,0.0,0.13308463246303248,0.02923787622617808,0.0,0.0,0.0,0.0,0.0,0.0,0.049760403343080746,0.0,0.11442391725660876,0.0,0.0,0.0,0.0332295065862902,0.0,0.0,0.0,0.0,0.0,0.0,0.0,0.0,0.0,0.0,0.0,0.0,0.0,0.0,0.0,0.0,0.0,0.0,0.0,0.0,0.07931633087230419,0.0,0.0,0.0,0.0,0.0,0.0,0.0,0.0,0.0,0.0,0.0,0.0,0.0,0.0,0.0,0.0,0.0,0.0,0.0,0.0,0.0852920429951775,0.0,0.0,0.05898840929091989,0.0,0.0,0.0,0.0,0.03570130507934579,0.08246335434731927,0.0,0.0,0.0,0.0,0.0,0.1644946507046764,1.0,0.0,0.028635485461693408,0.0,0.0,0.0,0.0,0.0,0.0,0.0,0.0,0.0,0.0,0.0,0.0,0.0,0.0,0.0,0.0,0.0,0.0,0.0,0.0,0.0,0.0,0.0,0.0,0.0,0.0,0.0,0.04383136142801679,0.0,0.0,0.04626172618842773,0.0,0.0,0.0,0.0,0.0,0.0441079480056314,0.0,0.0,0.0,0.0,0.0,0.0,0.0,0.0,0.0,0.0,0.0,0.0,0.0,0.0,0.0,0.1326618323577401,0.09769583033334228,0.037508243141521916,0.0,0.0,0.0,0.0,0.045117046896211224,0.0,0.0,0.0,0.0,0.0,0.0,0.0,0.0,0.0,0.0,0.0,0.0,0.0,0.0,0.058504936945692476,0.0,0.0,0.0,0.0,0.0,0.0,0.0,0.0,0.0,0.039545494299909056,0.039545494299909056,0.09231497633769371,0.0,0.0,0.0,0.0,0.10865242386320845,0.0,0.0,0.052189019406401145,0.21467235696739612,0.0,0.0,0.0,0.053124764382095284,0.0,0.0,0.06053964687835966,0.0,0.0,0.0,0.11494101255847727,0.03426680601893335,0.0,0.0,0.0,0.02244329649466119,0.023728182915404693,0.02568939215595353,0.025886007563034767,0.04149102705498221,0.0,0.0,0.0,0.0,0.0,0.0,0.05944820930510726,0.0,0.0
100113384,0.0,0.0,0.0,0.0,0.0,0.0,0.0,0.0,0.0,0.0,0.0,0.0,0.0,0.0740560006423286,0.0,0.0,0.0,0.0,0.0,0.0,0.0,0.0,0.0,0.0,0.22347818432308303,0.0,0.0,0.0,0.0,0.0,0.0,0.0,0.0,0.0,0.09117874015865997,0.0,0.0,0.0,0.0,0.0,0.0,0.0,0.0,0.0,0.0,0.0,0.0,0.0,0.0,0.0,0.0,0.0,0.0,0.0,0.0,0.0,0.0,0.0,0.0,0.0,0.0,0.0,0.0,0.0,0.0,0.0,0.0,0.0,0.0,0.0,0.0,0.0,0.0,0.0,0.0,0.0,0.07372400692293798,0.0,0.0,0.039537377348215025,0.0,0.0,0.0,0.0,0.0,0.06912604643187345,0.0,0.0,0.0,0.0,0.0,0.05652096265434427,0.0,1.0,0.0,0.0,0.11016177131715821,0.0,0.0,0.0,0.0,0.0,0.0,0.0,0.0,0.08083181364986457,0.0,0.0,0.0,0.0,0.14822657851415175,0.0,0.0,0.08441121458155551,0.0,0.0,0.0,0.0,0.0,0.0,0.0,0.0,0.0,0.0,0.047612839249757934,0.0,0.0,0.0,0.0,0.0,0.0,0.0,0.0,0.0,0.0,0.0,0.0,0.0,0.0,0.0,0.0,0.0,0.0,0.0,0.0,0.0,0.0,0.03491034058135637,0.0,0.0,0.0,0.0,0.0,0.0,0.09216801806637417,0.0,0.0,0.0,0.0,0.0,0.0,0.0,0.019293562536683868,0.0767059297841988,0.0,0.0,0.0,0.0,0.0,0.0,0.0,0.0,0.06702185501827618,0.0,0.0,0.0,0.0,0.0,0.0,0.0,0.0,0.0,0.0,0.0,0.0,0.0,0.0,0.0,0.0,0.0,0.0,0.0,0.08131397098134194,0.0,0.0,0.0,0.0,0.0,0.0,0.0,0.0,0.0,0.0,0.0,0.0,0.0,0.0,0.0,0.0,0.0,0.0,0.0,0.0,0.0,0.0,0.0,0.0,0.0,0.0,0.0
101340251,0.05638069478275651,0.13423320581340678,0.05518082863458403,0.0204402439368916,0.0,0.02708978391699123,0.0457955226462519,0.0,0.025368827924377783,0.0,0.027734037363155602,0.0,0.016135333157548157,0.07499999999999998,0.11319776956506146,0.08188012455518878,0.018391892175359952,0.0,0.0,0.02672984626754888,0.08104488936012355,0.023023421947169727,0.08860280196895115,0.0,0.0,0.03446149200064156,0.03446149200064156,0.07819584033386491,0.0,0.0,0.02756252005108929,0.0,0.0,0.0,0.0,0.0,0.0,0.0,0.0,0.0,0.0,0.0,0.0,0.0,0.0,0.0,0.0,0.0,0.0,0.0,0.0,0.0,0.0,0.0,0.0,0.0,0.0,0.0,0.0,0.0,0.0,0.0,0.0,0.0,0.0,0.0,0.0,0.0,0.0,0.0,0.036799065420560745,0.0,0.0,0.0,0.0,0.0,0.032119049285090205,0.0,0.0,0.022161508629473154,0.0,0.0,0.0,0.0,0.0,0.03104596695009633,0.0523567961483309,0.0,0.0,0.0,0.0,0.028493241261699616,0.028635485461693408,0.0,1.0,0.028270802214216673,0.0,0.0,0.0,0.0,0.0,0.0,0.0,0.0,0.0,0.0,0.04806902218570255,0.048437771939338,0.0,0.0,0.0,0.0,0.0,0.0,0.0,0.09840990454677036,0.0,0.0,0.15224922425339982,0.0,0.10674950420272948,0.0,0.0,0.0,0.05637307208919679,0.0,0.0,0.0,0.0,0.0,0.0,0.0,0.0,0.029595510140450802,0.0,0.0,0.16739130434782606,0.04076234386607843,0.058252781752143906,0.0,0.013966197155480746,0.013966197155480746,0.013966197155480746,0.013966197155480746,0.013966197155480746,0.0,0.0,0.0722791519291731,0.11639181563623702,0.0,0.0,0.0,0.0,0.0,0.03564141316017055,0.0,0.0,0.035928221786575364,0.04877682218324663,0.0,0.0,0.0,0.0,0.07894771116863229,0.0,0.0,0.0,0.0,0.0,0.0,0.10409521899340608,0.0,0.0,0.054971719294999485,0.04210849489144573,0.0,0.042857526707846844,0.0,0.0,0.0,0.0,0.0,0.0,0.0,0.0,0.050713096749606085,0.0,0.0,0.0,0.0,0.0,0.0,0.0,0.0,0.08555133794921396,0.0,0.0,0.0,0.06669894211173227,0.0,0.0,0.027414523184924437,0.0,0.0,0.0,0.04745629225309054,0.0,0.0,0.0,0.10927905635545465,0.0,0.04179038387372008,0.0,0.07840529289401187,0.0,0.0,0.0,0.0,0.0,0.0
100113380,0.0387559713080281,0.0,0.0,0.0,0.0,0.0,0.0,0.0,0.03500179038373125,0.0,0.0,0.02029964923025603,0.0,0.0,0.0,0.0,0.0748531909930894,0.0,0.0,0.2777040448859214,0.026514995859674616,0.03105505778870999,0.05774278215223097,0.0,0.0,0.0,0.0,0.0,0.052543449860945377,0.04900113849733011,0.0,0.0,0.09034213716549487,0.0,0.0,0.0,0.0,0.0,0.0,0.0,0.0,0.0,0.0,0.0,0.0,0.0,0.0,0.0,0.0,0.0,0.0,0.0,0.0,0.0,0.0,0.0,0.0,0.09494562233344271,0.0,0.0,0.0,0.0,0.0,0.0,0.0,0.0,0.0,0.0,0.0,0.0,0.0,0.0,0.0,0.0,0.0,0.0,0.0,0.0,0.0,0.0,0.0,0.0,0.0,0.0,0.0,0.0,0.031533604870439554,0.0,0.0,0.0,0.0,0.0,0.0,0.0,0.028270802214216673,1.0,0.0,0.0,0.0,0.0,0.0,0.0,0.0,0.0,0.0,0.0,0.0,0.0,0.04140384710276458,0.0,0.0,0.0,0.03761483522101232,0.0,0.0,0.0,0.0,0.0,0.0,0.04776668180481368,0.0,0.03762628845314,0.0,0.0,0.0,0.0,0.0,0.0,0.0,0.039955294775076824,0.0,0.0,0.0,0.0,0.09375483959550258,0.0,0.0,0.0,0.03514096785573541,0.0,0.01884034191173696,0.01884034191173696,0.01884034191173696,0.01884034191173696,0.01884034191173696,0.03518307135705651,0.0,0.0,0.0,0.0,0.09203508009431584,0.0,0.0,0.0,0.0,0.0,0.0,0.0,0.0,0.0,0.0,0.0,0.0,0.0,0.0,0.0,0.0,0.0,0.0,0.0,0.0,0.0,0.0,0.0342394504614916,0.0,0.0,0.19447041070175408,0.0,0.09259523630067941,0.0,0.0,0.043221278167713324,0.0,0.0,0.0,0.03250920523405555,0.0,0.06098927765807687,0.0,0.0,0.0,0.0,0.0,0.0,0.05251165623323405,0.0,0.0,0.0,0.0,0.06817169498113956,0.0,0.0,0.0,0.0,0.0,0.0,0.02093225633593273,0.02231843474328771,0.024480208320416547,0.0,0.0,0.0,0.05767150393719012,0.0,0.03296229957434035,0.0,0.0,0.0,0.0,0.0
100113391,0.0,0.0,0.0,0.0,0.0,0.0,0.0,0.05255577168738111,0.0,0.0,0.0,0.0,0.0,0.0,0.0,0.0,0.0,0.0,0.0,0.0,0.048311204422946195,0.0,0.15208765440991998,0.0,0.12825682612711511,0.0,0.0,0.0,0.0,0.07901725789204285,0.0,0.0,0.0,0.0,0.039960211090945885,0.0,0.0,0.0,0.0,0.0,0.0,0.0,0.0,0.0,0.0,0.0,0.0,0.0,0.0,0.0,0.0,0.0,0.0,0.0,0.0,0.0,0.0,0.0,0.0,0.0,0.0,0.0,0.0,0.0,0.0,0.0,0.0,0.0,0.0,0.0,0.0,0.0,0.0,0.0,0.0,0.0,0.0,0.0,0.0,0.0,0.0,0.0,0.0,0.0,0.0,0.0,0.0,0.0,0.0,0.0,0.0,0.0,0.0,0.11016177131715821,0.0,0.0,1.0,0.0,0.0,0.0,0.0,0.0,0.0,0.0,0.0,0.0,0.0,0.0,0.0,0.0,0.34506823847580176,0.0,0.0,0.0,0.0,0.0,0.0,0.0,0.0,0.0823529636358492,0.0,0.0,0.0,0.0,0.0,0.06582965294811158,0.0,0.0,0.0,0.0,0.0,0.0,0.0,0.0,0.0,0.0,0.0,0.0,0.0,0.0,0.0,0.0,0.0,0.0,0.0,0.0,0.0,0.0,0.0,0.0,0.0,0.0,0.0,0.0,0.0,0.0,0.0,0.0,0.0,0.0,0.0,0.0,0.0,0.0,0.0,0.0,0.0,0.0,0.0,0.0,0.0,0.09975017053942202,0.06205959434260031,0.0,0.0,0.0,0.0,0.0,0.0,0.0,0.0,0.05789713727559461,0.0,0.0,0.0,0.0,0.0,0.0,0.0,0.0,0.0,0.0,0.0,0.0,0.0,0.0,0.12132704297804457,0.0,0.06006669581799006,0.27747951847188734,0.0,0.0,0.0,0.0,0.0,0.0,0.0,0.0,0.0,0.0,0.0,0.0,0.0,0.0,0.0,0.0,0.0,0.0,0.11958203105271559,0.0
100113389,0.0,0.0,0.0,0.0,0.0,0.0,0.03914739491749563,0.043165258742669146,0.0,0.0,0.0,0.0,0.0,0.0,0.0,0.10863583916201451,0.0,0.0558710060564628,0.0,0.0,0.0,0.0,0.0,0.0,0.0,0.0,0.0,0.0,0.0,0.0,0.0,0.0,0.0,0.0,0.0,0.0,0.0,0.0,0.0,0.06297088811525539,0.0,0.0,0.0,0.0,0.0,0.0,0.0,0.0,0.08542260186992948,0.0,0.0,0.0,0.0,0.0,0.0,0.0,0.0,0.0,0.0,0.0,0.0,0.0,0.0,0.0,0.0,0.0,0.0,0.0,0.0,0.0,0.0,0.0,0.0,0.0,0.0,0.0,0.0,0.0,0.0,0.0,0.0,0.0,0.0,0.0,0.0,0.0,0.0,0.0,0.0,0.0,0.0,0.04588340810914628,0.0,0.0,0.0,0.0,0.0,1.0,0.0,0.0,0.0,0.0,0.0,0.053650142261945186,0.0,0.06455872697291874,0.0,0.0,0.0,0.0,0.0,0.0,0.0,0.0,0.0,0.0,0.0,0.0,0.0,0.0,0.0,0.0,0.0,0.06664363681717149,0.0,0.0,0.0,0.0,0.0,0.0,0.0,0.0,0.0,0.0,0.0,0.0,0.0,0.0,0.0,0.0,0.0,0.0,0.0,0.0,0.0,0.0,0.0,0.0,0.0,0.0,0.0,0.0,0.0,0.0,0.0,0.0,0.0,0.0,0.0,0.0,0.0,0.0,0.0,0.0,0.0,0.0,0.0,0.0,0.04378902688201591,0.08494208494208494,0.0,0.08333358332108379,0.0548043341605546,0.13541466659994963,0.0,0.0,0.0,0.0,0.0,0.10541752582360193,0.10541752582360193,0.051314245978878084,0.0,0.0,0.0,0.0,0.0,0.0,0.0,0.0854711548046679,0.0,0.0,0.06578979569452673,0.0,0.0,0.0,0.0,0.0,0.05200779009174489,0.0,0.0,0.0,0.0,0.0,0.0,0.0,0.04740742460708284,0.05120667394493213,0.05733375822223394,0.0,0.0,0.0,0.08536574122186162,0.0,0.0,0.14691913525317693,0.11166201981752484,0.04342214651792666,0.0,0.0
100113393,0.0,0.0,0.0,0.0,0.032192230801615686,0.0,0.0,0.19772947605559502,0.0,0.0,0.0,0.0,0.0,0.028030584526850595,0.0,0.051549471469410905,0.029086177369389656,0.0,0.0,0.0,0.0,0.0,0.0,0.0,0.0,0.060968228807003526,0.060968228807003526,0.06283601827829567,0.0,0.0,0.0,0.0,0.0,0.0,0.0,0.0,0.0,0.0,0.0,0.0,0.0,0.07576831666195004,0.0,0.0,0.0,0.0,0.0,0.0,0.0,0.0,0.0,0.0,0.0,0.0,0.0,0.0,0.0,0.0,0.0,0.0,0.0,0.0,0.0,0.0,0.0,0.0,0.0,0.0,0.0,0.0,0.0,0.0,0.0,0.0,0.0,0.0,0.0,0.0,0.0,0.0,0.0,0.0,0.0,0.0,0.0,0.0,0.0,0.0,0.0,0.0,0.0,0.0,0.0,0.0,0.0,0.0,0.0,0.0,1.0,0.0,0.0,0.0,0.0,0.0,0.0,0.0,0.0,0.0,0.05524132010864457,0.0,0.0,0.0,0.0,0.0662566115333583,0.0,0.0,0.0,0.0,0.0,0.0,0.0,0.0,0.0,0.0,0.0,0.0,0.0,0.0,0.0,0.0,0.06485589666480818,0.0,0.0,0.04733763842553422,0.0,0.0,0.0,0.0,0.0,0.0,0.0,0.025368219912296295,0.025368219912296295,0.0,0.025368219912296295,0.0,0.0,0.0,0.0,0.03845529452567729,0.0,0.0,0.0,0.0,0.0,0.0,0.0,0.0,0.0,0.0,0.0,0.08505622340166884,0.0,0.0,0.0,0.0,0.0,0.0,0.043296149806883705,0.0,0.0,0.0,0.0,0.0,0.07625228603577637,0.1650933147288516,0.0,0.0,0.0,0.0,0.0,0.0,0.0,0.0,0.0,0.0,0.0,0.0,0.0,0.0,0.0,0.0,0.0,0.0,0.06264617354434843,0.0,0.0,0.0,0.0,0.0,0.0,0.0,0.0,0.028458335327933678,0.0,0.0,0.0,0.0,0.0,0.0,0.0,0.0,0.0,0.0,0.0,0.06798968868836806,0.052366719792392206,0.0,0.0,0.0
26765,0.0,0.0,0.0,0.0,0.0,0.0,0.0,0.0,0.0,0.0,0.0,0.03908266441710599,0.0,0.0,0.0,0.0,0.0,0.0,0.05720488028658731,0.0,0.0,0.0,0.0,0.0,0.0,0.0,0.0,0.0,0.0,0.0,0.0,0.0,0.0,0.0,0.0,0.0,0.0,0.0,0.0,0.0,0.0,0.0,0.0,0.0,0.0,0.0,0.0,0.0,0.0,0.0,0.0,0.0,0.0,0.0,0.0,0.0,0.0,0.0,0.0,0.0,0.0,0.0,0.0,0.0,0.0,0.0,0.0,0.0,0.0,0.0,0.0,0.0,0.0,0.0,0.0,0.0,0.0,0.0,0.0,0.0,0.0,0.0,0.0,0.0,0.0,0.0,0.0,0.0,0.0,0.0,0.0,0.0,0.0,0.0,0.0,0.0,0.0,0.0,0.0,1.0,0.0,0.0,0.0,0.0,0.0,0.0,0.0,0.0,0.0,0.0,0.0,0.0,0.0,0.0,0.0,0.0,0.0,0.0,0.0,0.0,0.0,0.0,0.0,0.0,0.0,0.0,0.0,0.0,0.0,0.0,0.0,0.0,0.15409262332974843,0.0,0.0,0.0,0.0,0.0,0.0,0.0,0.0,0.0,0.0,0.0,0.0,0.0,0.0,0.0,0.0,0.0,0.0,0.0,0.0,0.0,0.0,0.0,0.0,0.0,0.0,0.0,0.0,0.0,0.0,0.0,0.0,0.0,0.0,0.0,0.0,0.0,0.0,0.0,0.0,0.0,0.0,0.0,0.0,0.0,0.0,0.0,0.0,0.0,0.0,0.0,0.0,0.0,0.0,0.0,0.0,0.0,0.0,0.0,0.0,0.0,0.0,0.0,0.0,0.0,0.0,0.0,0.0,0.0,0.0,0.0,0.0,0.0,0.0,0.0,0.0,0.0,0.0,0.0,0.0,0.0,0.0,0.0,0.0,0.0,0.0,0.0
692084,0.0,0.0,0.0,0.039263786980450306,0.0,0.0,0.0,0.0,0.0,0.08037853707451816,0.0,0.0,0.0,0.0,0.0,0.0,0.0,0.0,0.0,0.0,0.0,0.0,0.0,0.0,0.0,0.0,0.0,0.0,0.0,0.0,0.0,0.0,0.0,0.0,0.0,0.0,0.0,0.0,0.0,0.0,0.0,0.0,0.0,0.0,0.0,0.0,0.0,0.0,0.0,0.0,0.0,0.0,0.0,0.0,0.0,0.0,0.0,0.0,0.0,0.0,0.0,0.0,0.0,0.0,0.0,0.0,0.0,0.0,0.0,0.0,0.0,0.0,0.0,0.0,0.0,0.0,0.0,0.0,0.0,0.0,0.0,0.0,0.0,0.0,0.0,0.0,0.0,0.0,0.0,0.0,0.0,0.0,0.0,0.0,0.0,0.0,0.0,0.0,0.0,0.0,1.0,0.0,0.0,0.0,0.0,0.0,0.06021616057642821,0.0,0.0,0.0,0.0,0.0,0.0,0.0,0.0,0.0,0.0,0.0,0.0,0.0,0.0,0.0,0.0,0.0,0.0,0.0,0.0,0.0,0.0,0.0,0.0,0.0,0.0,0.05348230343334049,0.0,0.0,0.0,0.0,0.0,0.0,0.0,0.0,0.0,0.0,0.0,0.0,0.0,0.0,0.0,0.0,0.0,0.0,0.0,0.0,0.0,0.0,0.0,0.0,0.0,0.0,0.0,0.0,0.0,0.0,0.0,0.0,0.0,0.0,0.0,0.0,0.0,0.0,0.0,0.0,0.0,0.0,0.0,0.0,0.0,0.0,0.0,0.0,0.0,0.0,0.0,0.0,0.0,0.0,0.0,0.0,0.0,0.0,0.0,0.0,0.0,0.0,0.0,0.0,0.0,0.0,0.0,0.0,0.0,0.06310091188989801,0.0,0.0,0.0,0.0,0.0,0.06911904348775104,0.0,0.0,0.0,0.0,0.0,0.0,0.0,0.0,0.0,0.0
26822,0.0,0.0,0.0,0.033467384685206415,0.03015303852431532,0.0,0.0,0.04085610762631588,0.0,0.05496049277059485,0.0,0.0,0.0,0.0,0.047666830074371634,0.0,0.0,0.0,0.0,0.0,0.03513300230298563,0.039752258202388605,0.0,0.0,0.0,0.0,0.0,0.0,0.0,0.0,0.0,0.0,0.0,0.0,0.0,0.0,0.0,0.0,0.0,0.0,0.0,0.0,0.0,0.0,0.0,0.0,0.0,0.0,0.0,0.0,0.0,0.0,0.0,0.0,0.0,0.0,0.0,0.0,0.0,0.0,0.0,0.0,0.0,0.0,0.0,0.0,0.0,0.0,0.0,0.0,0.0,0.0,0.0,0.0,0.0,0.0,0.0,0.0,0.0,0.0,0.0,0.0,0.0,0.0,0.0,0.0,0.0,0.0,0.0,0.0,0.10162761482788044,0.0949690144623051,0.0,0.0,0.0,0.0,0.0,0.0,0.0,0.0,0.0,1.0,0.41702979948014407,0.05231125498982528,0.3943602040468893,0.30678102349996916,0.0,0.043779850682565236,0.0,0.0,0.0,0.0,0.0,0.06245130860858549,0.0,0.0,0.0,0.0,0.0,0.0,0.030894522124358795,0.02120940566166517,0.05356138021197747,0.0,0.04018587197563862,0.0,0.0,0.0,0.06585891069116014,0.0,0.0,0.0,0.0,0.0,0.0,0.0,0.0,0.06538540470893689,0.0,0.0,0.0,0.0,0.0,0.0,0.0,0.0,0.0,0.0,0.0,0.0404218825929443,0.0,0.0,0.0,0.0,0.0,0.0,0.0,0.0,0.0,0.0,0.0,0.0,0.0,0.0,0.0,0.0,0.0,0.0,0.0,0.0,0.0,0.0,0.0,0.0,0.0,0.07300052701236315,0.0,0.0,0.0,0.0,0.0,0.0,0.0,0.0,0.0,0.0,0.0,0.0,0.0,0.0,0.0,0.0,0.06511662116727812,0.0,0.0,0.07945532402740843,0.0,0.0,0.0,0.0,0.0,0.040185309994269953,0.0,0.0,0.0,0.0,0.0,0.0,0.0,0.0,0.0,0.0,0.0,0.0,0.0,0.0,0.0,0.0,0.0,0.0
85388,0.0,0.0,0.0,0.03529411764705883,0.0,0.0,0.03987895235810953,0.0,0.04927493950151177,0.05945320719681992,0.0,0.0,0.0,0.0,0.0,0.0,0.0,0.0,0.0,0.0,0.0,0.0,0.0,0.0,0.0,0.0,0.0,0.0,0.0,0.0,0.0,0.0,0.0,0.0,0.0,0.0,0.0,0.0,0.0,0.0,0.0,0.0,0.0,0.0,0.0,0.0,0.0,0.0,0.0,0.0,0.0,0.0,0.0,0.0,0.0,0.0,0.0,0.0,0.0,0.0,0.0,0.0,0.0,0.0,0.0,0.0,0.0,0.0,0.0,0.0,0.14186570743989207,0.0,0.0,0.0,0.0,0.0,0.0,0.0,0.0,0.0,0.0,0.0,0.0,0.0,0.0,0.0,0.0,0.0,0.0,0.0,0.0,0.09999999999999999,0.0,0.0,0.0,0.0,0.0,0.0,0.0,0.0,0.0,0.41702979948014407,1.0,0.05519241290684489,0.42214328394966855,0.32921797042825884,0.0,0.15571991901288387,0.0,0.0,0.0,0.0,0.0,0.0,0.0,0.10943482393023438,0.0,0.0,0.0,0.0,0.03239728349818262,0.0,0.056187946264272794,0.0,0.04177109728610764,0.0,0.0,0.0,0.14907587029347374,0.0,0.0,0.0,0.0,0.04952782209660226,0.0,0.0,0.0,0.14767641207658075,0.0,0.0,0.0,0.0,0.0,0.0,0.0,0.0,0.0,0.0,0.0,0.04181238165100052,0.0,0.0,0.0,0.0,0.0,0.0,0.0,0.0,0.0,0.0,0.0,0.0,0.0,0.0,0.0,0.0,0.0,0.0,0.0,0.0,0.0,0.0,0.0,0.043299398901341865,0.0,0.0,0.0,0.0,0.0,0.0,0.0,0.0,0.0,0.0,0.0,0.0,0.0,0.0,0.0,0.0,0.0,0.0,0.0,0.0,0.0,0.0852684861451756,0.0,0.0,0.054004032124797555,0.0,0.0,0.04177049709038549,0.0,0.0,0.09521101037789916,0.0,0.0,0.0,0.0,0.0,0.0,0.0,0.0,0.0,0.0,0.0,0.0,0.0,0.0,0.0
85389,0.0,0.037891998480076246,0.0,0.0,0.0,0.0,0.03388656183163482,0.0,0.0,0.0,0.04550554246227747,0.02280702274738847,0.0,0.0,0.0,0.041106130453000746,0.0,0.0,0.0,0.0,0.0,0.0,0.0,0.0,0.0,0.0,0.0,0.0,0.0,0.0,0.0,0.0,0.0,0.0,0.0355370671483214,0.0,0.0,0.0,0.09218671026221384,0.0,0.0,0.0,0.0,0.0,0.0,0.0,0.0,0.0652080194180093,0.0,0.0,0.0,0.0,0.0,0.0,0.0,0.0,0.0,0.0,0.0,0.0,0.0,0.0,0.0,0.0,0.0,0.0,0.0,0.0,0.0,0.0,0.0,0.0,0.0,0.0,0.0,0.0,0.049469849745102094,0.0,0.0,0.06463549132167479,0.0,0.0,0.0,0.06469159170900891,0.0,0.047356204654340435,0.0,0.1291373426403615,0.0,0.0,0.0,0.0,0.0,0.0,0.0,0.0,0.0,0.053650142261945186,0.0,0.0,0.0,0.05231125498982528,0.05519241290684489,1.0,0.14989642893744037,0.18995634751393445,0.0,0.0,0.0,0.0,0.0,0.0,0.0,0.0,0.0,0.0,0.0,0.0,0.0,0.0,0.0,0.0,0.10452409450763424,0.0,0.0,0.0,0.09391180644391557,0.0,0.0,0.045167270999126215,0.0,0.0,0.0,0.0,0.0,0.0,0.0,0.0,0.0,0.0,0.0,0.0,0.0,0.0,0.0,0.0,0.0,0.0,0.0,0.0,0.0,0.0,0.0,0.0,0.0,0.0,0.0,0.0,0.0,0.04649791422774155,0.05271281002459163,0.0,0.0,0.0,0.0,0.0,0.0,0.0,0.0,0.0,0.0,0.0,0.0,0.0,0.0,0.0,0.0,0.0,0.0,0.0,0.0,0.048723272075784176,0.0,0.0562531820668951,0.0,0.0,0.0,0.0,0.0,0.0,0.0,0.0,0.0,0.0,0.0,0.06881031536561102,0.0,0.0,0.0,0.0,0.0,0.0,0.0,0.0,0.0,0.0,0.0,0.0,0.0,0.0,0.0,0.0,0.0,0.0,0.0,0.0,0.0,0.0356355206662925,0.0,0.0
85390,0.0,0.0,0.0,0.029065426002868103,0.024883932872393825,0.0,0.03218679903768201,0.0,0.037559165688634516,0.04310984220763752,0.0,0.022085729299647243,0.0,0.02095829766484069,0.0,0.0,0.0,0.0,0.02173054831277342,0.0,0.0,0.0,0.0,0.0,0.0,0.0,0.0,0.0,0.0,0.0,0.0,0.0,0.0,0.0,0.03460464414427311,0.0,0.0,0.0,0.0,0.0,0.0,0.0,0.0,0.0,0.0,0.0,0.0,0.0,0.0,0.0,0.0,0.0,0.0,0.0,0.0,0.0,0.0,0.0,0.0,0.0,0.0,0.0,0.0,0.0,0.0,0.0,0.0,0.0,0.0,0.0,0.053226175660630384,0.0,0.0,0.0,0.0,0.0,0.0,0.0,0.0,0.03033679193195722,0.0,0.0,0.0,0.0,0.0,0.0,0.0,0.0,0.0,0.0,0.07480512332143227,0.0835623749841172,0.0,0.0,0.0,0.0,0.0,0.0,0.0,0.0,0.0,0.3943602040468893,0.42214328394966855,0.14989642893744037,1.0,0.4372441710862831,0.0,0.07310538708389791,0.0,0.0,0.0,0.0,0.0,0.0,0.0,0.04347482578781041,0.0,0.0,0.0,0.0,0.02750265937460992,0.020198223698494538,0.10020927567610549,0.0,0.03729225021136562,0.0,0.0,0.0,0.05770133240919264,0.0,0.0,0.0,0.0,0.04168453756505312,0.0,0.06206172980626598,0.07448331695759354,0.1224240666047246,0.0,0.0,0.041353201385303635,0.02025773950203253,0.02025773950203253,0.041353201385303635,0.02025773950203253,0.0,0.0,0.0,0.0,0.03839743794049458,0.0,0.0,0.0,0.0,0.0,0.07096208057277145,0.0,0.0,0.0,0.0,0.0,0.0,0.0,0.0,0.0,0.08471967621545488,0.0,0.0,0.0,0.0,0.0,0.0,0.0,0.037210554819277264,0.0,0.0,0.0,0.0,0.0,0.0,0.0,0.0,0.0,0.05376843362351018,0.0,0.0,0.0,0.0,0.0,0.0,0.0,0.0,0.05764626363147831,0.0,0.0,0.06444717066637257,0.0,0.0,0.045474418369974595,0.0,0.0,0.07747268349231068,0.0,0.0,0.0,0.0,0.0,0.0,0.0,0.0,0.0,0.0,0.0,0.0,0.0,0.0,0.0,0.03353144430523844,0.0,0.0
85391,0.0,0.0,0.0,0.0,0.0,0.0,0.0,0.0,0.0,0.05639160812849356,0.0,0.0,0.0,0.0,0.0,0.0,0.0,0.0,0.0,0.0,0.0,0.0,0.0,0.0,0.057667810459391546,0.0,0.0,0.0,0.0,0.0,0.0,0.0,0.0,0.0,0.08551151000466449,0.0,0.0,0.0,0.0,0.0,0.0,0.0,0.0,0.0,0.0,0.0,0.0,0.0,0.0,0.0,0.0,0.0,0.0,0.0,0.0,0.0,0.0,0.0,0.0,0.0,0.0,0.0,0.0,0.0,0.0,0.0,0.0,0.0,0.0,0.0,0.0,0.0,0.0,0.0,0.0,0.0,0.05894349916207295,0.0,0.0,0.07529138442935619,0.0,0.0,0.0,0.0,0.0,0.05624085129234824,0.0,0.0,0.0,0.0,0.0,0.10318460792183161,0.0,0.08083181364986457,0.0,0.0,0.0,0.06455872697291874,0.0,0.0,0.0,0.30678102349996916,0.32921797042825884,0.18995634751393445,0.4372441710862831,1.0,0.0,0.0,0.0,0.0,0.0,0.0,0.0,0.0,0.0,0.0,0.0,0.0,0.0,0.0,0.03346528005886512,0.0,0.058203495982605845,0.0,0.04436915004625016,0.0,0.0,0.0,0.07115729917777917,0.0,0.0,0.0,0.0,0.0,0.0,0.0,0.0,0.07085555323758208,0.0,0.0,0.0,0.0,0.0,0.0,0.0,0.0,0.0,0.0,0.0,0.0,0.0,0.0,0.0,0.0,0.0,0.0,0.0,0.0,0.0,0.0,0.0,0.0,0.0,0.0,0.0,0.10980741670474121,0.0,0.0,0.0,0.0,0.0,0.0,0.060341904523437045,0.0,0.0,0.0,0.0,0.0,0.0,0.0,0.0,0.0,0.0,0.06632656803263873,0.0,0.0,0.0,0.0,0.0,0.0,0.0,0.0,0.0,0.0,0.0,0.08305114969358467,0.0,0.0,0.0,0.0,0.0,0.044368559463238845,0.0,0.0,0.0,0.0,0.0,0.0,0.0,0.0,0.0,0.0,0.0,0.0,0.0,0.0,0.0,0.0,0.0,0.0
6079,0.0,0.06833415562564084,0.08433611141422531,0.04956222729011037,0.02316443032985992,0.08438510899438471,0.02767331177605892,0.0,0.0,0.14700200224010934,0.04437244399037682,0.016538915838258922,0.029892809440852174,0.0,0.0,0.0,0.0,0.0,0.0,0.08429835653162394,0.0,0.0,0.05555555555555556,0.0,0.0,0.0,0.0,0.0,0.0,0.096657514053827,0.0,0.0,0.0,0.0,0.0,0.0,0.0,0.0,0.0,0.0,0.0,0.0,0.0,0.0,0.0,0.08028816915496971,0.0,0.0,0.0,0.0,0.0,0.0,0.0,0.0,0.0,0.0,0.0,0.0,0.0,0.0,0.0,0.0,0.0,0.09553805774278215,0.09512610338024026,0.09553805774278215,0.09512610338024026,0.09553805774278215,0.09512610338024026,0.08775313404050145,0.0,0.10483870967741936,0.08775313404050145,0.09553805774278215,0.09553805774278215,0.09553805774278215,0.0,0.0,0.0,0.0,0.0,0.0,0.0,0.0,0.0,0.0,0.0,0.0,0.0,0.0,0.0,0.0,0.0,0.0,0.04806902218570255,0.0,0.0,0.0,0.0,0.0,0.06021616057642821,0.0,0.0,0.0,0.0,0.0,1.0,0.19997628801633577,0.039180748544232535,0.0,0.0,0.0,0.0,0.0,0.0,0.0,0.0,0.1468619275776401,0.0,0.0,0.0931015302127822,0.05856450548369753,0.0,0.0,0.0,0.03962493428646596,0.0,0.0,0.0,0.0,0.0,0.0,0.0,0.0,0.0,0.05284496840589603,0.06808391650670335,0.0,0.027581176993732505,0.0,0.0566419964847782,0.0566419964847782,0.0566419964847782,0.0566419964847782,0.0566419964847782,0.11481982981944636,0.0,0.0,0.0,0.0,0.0,0.0,0.0,0.0,0.0,0.0,0.03362621938139948,0.0,0.0,0.0,0.0,0.0,0.0,0.0,0.0,0.0,0.0,0.0,0.0,0.0,0.033891686221419644,0.0,0.0,0.0,0.11363698730109029,0.11363698730109029,0.0,0.0,0.0,0.03486503414441161,0.03486503414441161,0.0,0.0,0.0,0.0,0.02906810632816101,0.0,0.0,0.06726035037513015,0.0,0.0,0.0,0.0,0.0,0.04353624450602575,0.0,0.1468619275776401,0.0,0.0,0.0,0.0,0.0,0.0,0.04041885340222702,0.0,0.0,0.0,0.0,0.0191672469285176,0.021201409013404345,0.0,0.13051701180805358,0.0,0.0,0.0,0.0,0.0,0.0,0.0,0.0
114599,0.0,0.0,0.13196251388900476,0.024305744113773904,0.0,0.0,0.027788458362392295,0.0,0.0356455429734144,0.0,0.0,0.0,0.0,0.0,0.0,0.0,0.0,0.0,0.0,0.0,0.0,0.0,0.0,0.0,0.0,0.0,0.0,0.0,0.0,0.0,0.0,0.0,0.0,0.0,0.0,0.0,0.0,0.0,0.0,0.0,0.0,0.0,0.0,0.0,0.0,0.0,0.0,0.0,0.0,0.0,0.0,0.0,0.0,0.0,0.0,0.0,0.0,0.0,0.0,0.0,0.0,0.0,0.0,0.0,0.0,0.0,0.0,0.0,0.0,0.0,0.0959646187625074,0.0,0.0,0.0,0.0,0.0,0.0,0.0,0.0,0.0,0.0,0.0,0.0,0.0,0.0,0.0,0.0,0.035707953333715486,0.0,0.0,0.0,0.03215132054307238,0.0,0.0,0.048437771939338,0.0,0.0,0.0,0.0,0.0,0.0,0.043779850682565236,0.15571991901288387,0.0,0.07310538708389791,0.0,0.19997628801633577,1.0,0.08185755643684826,0.0,0.0,0.0,0.0,0.0,0.0,0.07270989403139164,0.0,0.0,0.0,0.0,0.06870468730408452,0.0,0.0,0.0,0.027276479197820058,0.039891505443629044,0.0,0.0,0.046796681993321654,0.0,0.0,0.0,0.05049893153126968,0.06916996542749056,0.0,0.0,0.06823810201341814,0.04614738709102704,0.0,0.0,0.03716902082144167,0.018245428062937122,0.018245428062937122,0.03716902082144167,0.018245428062937122,0.035599930868267356,0.0,0.0,0.0,0.02686535282614282,0.0,0.0,0.0,0.0,0.0,0.0,0.0,0.039605087017922744,0.050074504623929705,0.0,0.0,0.0,0.0,0.0,0.0,0.0,0.0,0.0,0.0,0.0,0.034155892153854686,0.0,0.0,0.028915027381174588,0.11407226560481291,0.11407226560481291,0.0,0.0,0.0,0.0,0.0,0.0,0.0,0.04381618919564193,0.0,0.0,0.0,0.0,0.0,0.0,0.0,0.0,0.0,0.0,0.09175583888383602,0.0,0.0,0.0,0.03637230651220806,0.0,0.0,0.0,0.0,0.0,0.069003670696984,0.0,0.016017984073096684,0.017291389035697893,0.0,0.021360318915937322,0.04782424813891849,0.0,0.0,0.0,0.0,0.0,0.0,0.0,0.0,0.0
595097,0.0,0.0,0.0,0.0,0.0,0.0,0.0,0.0,0.0,0.0,0.0,0.04470818901094427,0.0,0.0,0.0,0.0,0.0,0.0,0.0,0.0,0.0,0.03581274565027459,0.0,0.0,0.0,0.0,0.0,0.0,0.0,0.0,0.0,0.0,0.11817441396485166,0.0,0.0,0.0,0.0,0.0,0.0,0.0,0.0,0.0,0.0,0.0,0.0,0.0,0.0,0.0,0.0,0.0,0.0,0.0,0.0,0.0,0.0,0.0,0.0,0.0,0.0,0.0,0.0,0.0,0.0,0.0,0.0,0.0,0.0,0.0,0.0,0.0,0.0,0.0,0.0,0.0,0.0,0.0,0.0,0.0,0.0,0.0,0.0,0.0,0.0,0.0,0.0,0.0,0.0,0.0,0.0,0.0,0.0,0.0,0.0,0.0,0.0,0.04140384710276458,0.0,0.0,0.05524132010864457,0.0,0.0,0.0,0.0,0.0,0.0,0.0,0.039180748544232535,0.08185755643684826,1.0,0.0,0.0,0.0,0.0,0.0,0.0,0.0,0.0,0.0,0.0,0.0,0.0575061420909228,0.0192776255966286,0.0,0.0,0.03641310702160162,0.0,0.0,0.0,0.0,0.04401184694579737,0.0,0.0,0.0602817867136563,0.0,0.12231258632179587,0.0,0.0,0.0,0.0,0.0,0.02176138570624024,0.02176138570624024,0.02176138570624024,0.02176138570624024,0.02176138570624024,0.0,0.0,0.0,0.0,0.03667404652468599,0.0,0.0,0.0,0.0,0.0,0.0,0.0,0.10754434247964627,0.06655268597271924,0.04473282431997524,0.05159696491153844,0.0,0.0,0.0,0.0,0.0,0.0,0.0,0.0,0.0,0.0,0.0,0.0,0.037418819229475535,0.0655818458714506,0.0655818458714506,0.0,0.0,0.0,0.0,0.0,0.0,0.0,0.0,0.0,0.0,0.0,0.0,0.0,0.0,0.0,0.0,0.0,0.0,0.19405469381976634,0.0,0.0,0.0,0.0,0.08064799563957611,0.0,0.0,0.0,0.0,0.0,0.0,0.0,0.0,0.0,0.0,0.0,0.0,0.0,0.0,0.0,0.0,0.0,0.0,0.0,0.0
595098,0.0,0.0,0.0,0.11727110246856694,0.0,0.0,0.0,0.0,0.0,0.0,0.0,0.0,0.0,0.0,0.0,0.0,0.0,0.0,0.0,0.09526995346620987,0.0,0.0,0.0,0.0,0.0,0.0,0.0,0.0,0.0,0.0,0.0,0.0,0.0,0.0,0.0,0.0,0.0,0.0,0.0,0.0,0.0,0.0,0.0,0.0,0.0,0.0,0.0,0.0,0.0,0.0,0.0,0.0,0.0,0.0,0.0,0.0,0.0,0.0,0.0,0.0,0.0,0.0,0.0,0.0,0.0,0.0,0.0,0.0,0.0,0.0,0.0,0.0,0.0,0.0,0.0,0.0,0.0,0.0,0.0,0.0,0.0,0.0,0.0,0.0,0.0,0.0,0.0,0.0,0.0,0.0,0.0,0.0,0.0,0.0,0.0,0.0,0.0,0.0,0.0,0.0,0.0,0.0,0.0,0.0,0.0,0.0,0.0,0.0,0.0,1.0,0.0,0.0,0.0,0.0,0.0,0.0,0.0,0.0,0.0,0.0,0.0,0.0,0.08683228932856725,0.0,0.0,0.0,0.0,0.0,0.0,0.0,0.0,0.0,0.0,0.0,0.0,0.0,0.0,0.0,0.0,0.0,0.041468503179674696,0.0,0.0,0.041468503179674696,0.0,0.0,0.0,0.09453234017492369,0.1942342562786196,0.0,0.0,0.0,0.0,0.0,0.0,0.0,0.0,0.0,0.0,0.0,0.0,0.0,0.0,0.0,0.0,0.0,0.0,0.0,0.0,0.0,0.0,0.0,0.0,0.0,0.0,0.0,0.0,0.0,0.0,0.0,0.0,0.0,0.0,0.0,0.0,0.0,0.0,0.0,0.0,0.0,0.0,0.0,0.0,0.0,0.0,0.1474057683262889,0.0,0.0,0.0,0.0,0.0,0.0,0.06798492767644937,0.0,0.0,0.0,0.0,0.0,0.0,0.10138220108338557,0.0,0.0,0.0,0.0,0.0,0.0,0.0,0.0,0.0,0.0
595099,0.0,0.0,0.0,0.0,0.0,0.0,0.0,0.0,0.0,0.0,0.0,0.0,0.06999464181006568,0.0,0.0,0.0,0.04668595282229341,0.0,0.04512703280399939,0.0,0.0,0.0,0.0,0.19975577052789117,0.1852972250430006,0.0,0.0,0.0,0.0,0.10878744152966695,0.0,0.0,0.0,0.0,0.05659279220984489,0.0,0.0,0.0,0.0,0.10287205976274943,0.0,0.0,0.0,0.0,0.0,0.0,0.0,0.0,0.0,0.0,0.0,0.0,0.0,0.0,0.0,0.0,0.0,0.0,0.0,0.0,0.0,0.0,0.0,0.0,0.0,0.0,0.0,0.0,0.0,0.0,0.0,0.0,0.0,0.0,0.0,0.0,0.0,0.0,0.0,0.0,0.0,0.0,0.0,0.0,0.0,0.0,0.05605247249385831,0.0,0.0,0.0,0.0,0.0,0.0,0.14822657851415175,0.0,0.0,0.34506823847580176,0.0,0.0,0.0,0.0,0.0,0.0,0.0,0.0,0.0,0.0,0.0,0.0,0.0,1.0,0.1997326739414619,0.07052973160868917,0.0,0.0,0.0,0.0,0.0,0.0,0.0,0.0,0.0,0.0,0.0,0.0,0.09239267333552847,0.0,0.0,0.0,0.0,0.0,0.0,0.0,0.0,0.0,0.0,0.0,0.0,0.0,0.0,0.0,0.0,0.0,0.0,0.0,0.0,0.0,0.0,0.0,0.0,0.0,0.0,0.0,0.0,0.0,0.0,0.0,0.0,0.0,0.0,0.0,0.0,0.0,0.0,0.0,0.0,0.0,0.0,0.0,0.0,0.0,0.0,0.0,0.0,0.0,0.0,0.0,0.0,0.0,0.0,0.0,0.0817998587972775,0.0,0.0,0.0,0.0,0.0,0.0,0.0,0.0,0.0,0.0,0.0,0.0,0.0,0.0,0.0,0.0,0.08392439364275144,0.0,0.0,0.0,0.0,0.0,0.0,0.0,0.0,0.0,0.0,0.0,0.0,0.0,0.0,0.0,0.0,0.0,0.0,0.0,0.16515137834576718,0.0
595100,0.0,0.0,0.0,0.0,0.0,0.0,0.0,0.07187837677873439,0.0,0.0,0.0,0.0,0.06825931225671307,0.0,0.0,0.0,0.04771719509508438,0.0,0.04551169586747123,0.0,0.0,0.0,0.0,0.19898077477267406,0.0,0.10268012895555073,0.10268012895555073,0.0,0.0,0.0,0.0,0.0,0.0,0.0,0.05840141972735419,0.0,0.0,0.0,0.0,0.23454389120536054,0.0,0.0,0.0,0.0,0.0,0.0,0.0,0.0,0.0,0.0,0.0,0.0,0.0,0.0,0.0,0.0,0.0,0.0,0.0,0.0,0.0,0.0,0.0,0.0,0.0,0.0,0.0,0.0,0.0,0.0,0.0,0.0,0.0,0.0,0.0,0.0,0.09812734345140206,0.133578652596667,0.133578652596667,0.052765701169326336,0.133578652596667,0.133578652596667,0.133578652596667,0.14728423901123233,0.06898462717227491,0.09204051339824645,0.05786710043128624,0.0,0.0,0.0,0.0,0.07544679841339529,0.0,0.0,0.0,0.0,0.0,0.0,0.0,0.0,0.0,0.0,0.0,0.0,0.0,0.0,0.0,0.0,0.0,0.0,0.1997326739414619,1.0,0.07252741634979243,0.0,0.0,0.0,0.0,0.0,0.0,0.0,0.0,0.0,0.0,0.0,0.0,0.0,0.0,0.0,0.0,0.0,0.0,0.0,0.0,0.0,0.0,0.0,0.0,0.0,0.0,0.0,0.0,0.0,0.0,0.0,0.0,0.0,0.0,0.04686654916886739,0.0,0.0,0.0,0.0,0.0,0.0,0.0,0.0,0.0,0.0,0.0,0.08050959087864414,0.0,0.0,0.0,0.0,0.0,0.0,0.0,0.0,0.0,0.0,0.0,0.0,0.0900982152432019,0.0,0.0,0.0,0.0,0.0,0.0,0.0,0.0,0.0,0.0,0.0,0.0,0.0,0.0,0.0,0.0,0.0,0.0,0.0,0.0,0.0,0.0,0.0,0.0,0.0,0.08582838944399944,0.0,0.0,0.06380387675838647,0.0,0.0,0.0,0.0,0.0,0.0,0.0,0.0,0.0,0.0,0.0,0.0,0.0,0.0,0.0,0.0,0.0,0.0
692089,0.035733089013512694,0.0,0.0,0.027078221553294157,0.0,0.07334502527767402,0.0,0.03084267365426589,0.0,0.0,0.0,0.0,0.0423694112411302,0.0,0.07074170342151385,0.033873239865440614,0.10561944266397882,0.0,0.0831543813177871,0.03487424469326935,0.0,0.0,0.027320007889518525,0.06857154410570059,0.0,0.0,0.0,0.0,0.0,0.0,0.0,0.0,0.0,0.0,0.0,0.0,0.0,0.0,0.0,0.05033785228448196,0.0,0.056447497730310436,0.0,0.0,0.0,0.0,0.0,0.0,0.0,0.0,0.0,0.0,0.0,0.0,0.0,0.0,0.0,0.0,0.0,0.0,0.0,0.0,0.0,0.0,0.0,0.0,0.0,0.0,0.0,0.0,0.0,0.0,0.0,0.0,0.0,0.0,0.0,0.0,0.0,0.0,0.0,0.0,0.0,0.0,0.037091390927791804,0.0,0.07142857142857144,0.0,0.0,0.0,0.0,0.0,0.0,0.0,0.0,0.03761483522101232,0.0,0.0,0.0,0.0,0.0,0.0,0.0,0.0,0.0,0.0,0.0,0.0,0.0,0.0,0.07052973160868917,0.07252741634979243,1.0,0.0,0.0,0.04106853216483938,0.0,0.0,0.0,0.0,0.026197263220801563,0.0,0.0,0.0,0.036994743576041586,0.0,0.0,0.0,0.0,0.0,0.0,0.0,0.0,0.03949778882185671,0.0,0.0,0.0,0.054594860603829704,0.03824849407063187,0.0,0.05707451051344239,0.03733929959322882,0.03733929959322882,0.05707451051344239,0.03733929959322882,0.0,0.0,0.0,0.0,0.0,0.0848207551458527,0.0,0.0,0.0,0.0,0.0,0.0,0.04815486813932037,0.0,0.0,0.10052911945388644,0.0,0.0,0.0,0.0,0.0,0.0,0.0,0.0,0.0,0.0,0.0,0.0,0.0,0.0,0.0,0.0,0.0,0.0,0.0,0.0,0.0,0.0,0.0,0.049999999999999996,0.0,0.0,0.058432113418511546,0.0,0.0,0.0,0.0,0.0,0.0,0.0,0.0,0.0,0.0,0.09012294432131372,0.0,0.0,0.0,0.0,0.0,0.0,0.0,0.0,0.0,0.0,0.026884324086107622,0.043019934546936256,0.0,0.0,0.0,0.0,0.0,0.0,0.0,0.0,0.0
100113381,0.0,0.04620640576276046,0.0549462419589753,0.0,0.0,0.0,0.0,0.09086099720533063,0.04939172930324754,0.0,0.0,0.024877389986319588,0.0,0.057142587727656416,0.0,0.0,0.03023321941559412,0.0,0.027703159891705926,0.0,0.03783999417898002,0.042195732872057745,0.0,0.0,0.054870178235009635,0.062159956296579694,0.062159956296579694,0.06484775248505345,0.0,0.0,0.0,0.0,0.0,0.0,0.07897992447953167,0.0,0.0,0.0,0.0,0.0,0.0,0.0,0.0,0.0,0.0,0.0,0.0,0.0,0.0,0.0,0.0,0.0,0.0,0.0,0.0,0.0,0.0,0.0,0.0,0.0,0.0,0.0,0.0,0.0,0.0,0.0,0.0,0.0,0.0,0.0,0.0,0.0,0.0,0.0,0.0,0.0,0.059070711262346046,0.07678395739784272,0.07678395739784272,0.03405621338320878,0.07678395739784272,0.07678395739784272,0.07678395739784272,0.08309224507821991,0.04391274499175467,0.055911548238364826,0.0,0.0,0.0,0.0,0.0,0.0,0.0,0.08441121458155551,0.0,0.0,0.0,0.0,0.0662566115333583,0.0,0.0,0.06245130860858549,0.0,0.0,0.0,0.0,0.0,0.0,0.0,0.0,0.0,0.0,0.0,1.0,0.0,0.0,0.0,0.0,0.0,0.0,0.03216466124040244,0.0,0.0,0.0,0.0,0.059131437120466035,0.12693628176479388,0.0,0.0,0.0,0.0,0.0,0.0,0.0,0.0,0.0,0.0,0.0,0.0,0.0,0.02562302200266371,0.02562302200266371,0.02562302200266371,0.02562302200266371,0.02562302200266371,0.0,0.0,0.03127859126896719,0.0,0.0,0.0,0.0,0.0,0.0,0.07103177342589277,0.0,0.0,0.0,0.0,0.0,0.0,0.0,0.017573506627645268,0.06382978723404255,0.0,0.0,0.12426460722714991,0.0,0.0,0.0,0.0,0.0,0.0,0.0,0.0,0.16797576680703213,0.0,0.0,0.0,0.0,0.0,0.0,0.0,0.0,0.0,0.04240952016565065,0.0,0.0,0.0,0.0,0.0,0.0,0.06792945541471272,0.0,0.0,0.0,0.0,0.0,0.0,0.0,0.0,0.0,0.0,0.0,0.0,0.0,0.0,0.0,0.0,0.06554420553594713,0.0,0.0,0.0,0.0,0.0,0.07000466607382752,0.05487017823500962,0.0,0.0,0.0
677848,0.0,0.05326074313596755,0.0,0.0,0.0,0.06257779469290807,0.0,0.0,0.0,0.0,0.0,0.0,0.0,0.0,0.0,0.0,0.0,0.0,0.0,0.0,0.04307125484793492,0.04908464425910043,0.0,0.0,0.0,0.0,0.0,0.0,0.0,0.0,0.0,0.0,0.0,0.0,0.0,0.0,0.0,0.0,0.0,0.0,0.0,0.0,0.0,0.0,0.0,0.0,0.0,0.0,0.0,0.0,0.0,0.0,0.0,0.0,0.0,0.0,0.0,0.0,0.0,0.0,0.0,0.0,0.0,0.0,0.0,0.0,0.0,0.0,0.0,0.0,0.0,0.0,0.0,0.0,0.0,0.0,0.0,0.0,0.0,0.0,0.0,0.0,0.0,0.0,0.0,0.0,0.0,0.0,0.0,0.0,0.0,0.0,0.0,0.0,0.0,0.0,0.0,0.0,0.0,0.0,0.0,0.0,0.0,0.0,0.0,0.0,0.0,0.0,0.0,0.0,0.0,0.0,0.0,0.0,1.0,0.0,0.0,0.0,0.0,0.0,0.038375208782001693,0.0,0.0,0.0,0.0,0.07094916237525276,0.0,0.0,0.0,0.0,0.0,0.0,0.0,0.0,0.0,0.0,0.0,0.0,0.0,0.0,0.029666199824333224,0.029666199824333224,0.029666199824333224,0.029666199824333224,0.029666199824333224,0.0,0.0,0.0,0.0,0.0,0.0,0.0,0.0,0.0,0.0,0.0,0.0,0.0,0.0,0.0,0.0,0.0,0.0,0.0,0.0,0.0,0.0,0.0,0.0,0.0,0.0,0.0,0.0,0.0,0.0,0.0,0.0,0.0,0.0,0.0,0.0,0.0,0.0,0.0,0.0,0.0,0.0,0.0,0.0,0.0,0.0,0.0,0.0,0.0,0.0,0.0,0.0,0.0,0.0,0.0,0.0,0.0,0.0,0.0,0.0,0.0,0.0,0.0,0.0,0.0,0.0,0.0,0.0,0.0,0.0,0.0,0.0,0.0,0.0,0.0
677849,0.041165434242600454,0.0,0.0,0.1272396457998693,0.024785883792773883,0.08425423974054781,0.1843206109194229,0.0,0.03739124921598209,0.0,0.04189735940919589,0.0,0.07842424856131562,0.06528832661079491,0.0,0.0796608104447,0.0,0.0,0.0,0.0,0.028248831798790546,0.0,0.062086007653489074,0.0,0.0,0.0,0.0,0.0,0.0,0.0,0.0,0.14487185454860116,0.0,0.0,0.0,0.0,0.08025965999989963,0.0,0.0,0.0,0.0,0.0,0.0,0.0,0.0,0.0,0.0,0.0,0.0,0.0,0.0,0.0,0.0,0.0,0.0,0.0,0.0,0.0,0.0,0.0,0.0,0.0,0.0,0.0,0.0,0.0,0.0,0.0,0.0,0.0,0.17832652035853608,0.0,0.0,0.0,0.0,0.0,0.0,0.0,0.0,0.0,0.0,0.0,0.0,0.0,0.0,0.0,0.0,0.0,0.0,0.0,0.0,0.040117497343865334,0.0,0.0,0.09840990454677036,0.0,0.0,0.0,0.0,0.0,0.0,0.0,0.10943482393023438,0.0,0.04347482578781041,0.0,0.0,0.07270989403139164,0.0,0.0,0.0,0.0,0.04106853216483938,0.0,0.0,1.0,0.0,0.0,0.06929307047102543,0.0,0.02751862325929429,0.0,0.0477514060213125,0.0,0.0,0.0,0.0,0.0,0.057692277714834914,0.0,0.0,0.0,0.0,0.041696154695550665,0.0,0.0,0.16030388971357412,0.12245818629610959,0.0,0.0,0.0,0.0,0.0,0.0,0.0,0.03760704261658947,0.0,0.030281848239593855,0.0,0.0,0.0,0.0,0.0,0.0,0.05298145472979183,0.0,0.0,0.0,0.0,0.0,0.0,0.0,0.0,0.0537751215141536,0.0,0.0,0.0,0.0,0.0,0.0,0.09423034471417951,0.0,0.0,0.1207762299067131,0.0,0.0,0.0,0.0,0.0,0.0,0.0,0.047191223098583424,0.0,0.0,0.0,0.0,0.0,0.0,0.0,0.0,0.0,0.0,0.0,0.0,0.0,0.0,0.0,0.0,0.1501280959421199,0.0,0.0,0.0,0.0,0.0,0.07015985767787955,0.0710134208519073,0.0,0.0,0.0,0.0883516893826354,0.0,0.0,0.0,0.0,0.0,0.0,0.0,0.0,0.0,0.0
677850,0.0,0.0,0.0,0.0,0.0,0.0,0.0,0.0,0.0,0.0,0.0,0.0,0.0,0.0,0.09868312301679318,0.0,0.0,0.0,0.0,0.0,0.0,0.0,0.0,0.0,0.0,0.0,0.0,0.0,0.0,0.0,0.0,0.0,0.0,0.0,0.0,0.0,0.0,0.0,0.0,0.0,0.0,0.0,0.0,0.0,0.0,0.0,0.0,0.0,0.0,0.0,0.0,0.0,0.0,0.0,0.0,0.0,0.0,0.0,0.0,0.0,0.0,0.0,0.0,0.0,0.0,0.0,0.0,0.0,0.0,0.0,0.0,0.0,0.0,0.0,0.0,0.0,0.0,0.0,0.0,0.0,0.0,0.0,0.0,0.0,0.0,0.0,0.0,0.0,0.0,0.0,0.0,0.0,0.0,0.0,0.0,0.0,0.0,0.0,0.0,0.0,0.0,0.0,0.0,0.0,0.0,0.0,0.0,0.0,0.0,0.0,0.0,0.0,0.0,0.0,0.0,0.0,1.0,0.0,0.0,0.0,0.0,0.0,0.0,0.10963431249758186,0.0,0.0,0.0,0.0,0.0,0.0,0.0,0.0,0.0,0.0,0.0,0.0,0.0,0.0,0.0,0.2368356730842417,0.0,0.0,0.0,0.0,0.0,0.0,0.0,0.0,0.0,0.0,0.0,0.0,0.0,0.0,0.0,0.0,0.0,0.0,0.0,0.0,0.0,0.0,0.0,0.0,0.0,0.0,0.0,0.9377007198509619,0.0,0.0,0.0,0.0,0.0,0.0,0.0,0.0,0.0,0.0,0.0,0.0,0.0,0.0,0.0,0.0,0.0,0.0,0.0,0.0,0.0,0.0,0.0,0.0,0.0,0.0,0.0,0.0,0.0,0.0,0.0,0.0,0.0,0.0,0.0,0.0,0.0,0.0,0.0,0.0,0.0,0.0,0.0,0.0,0.0,0.0,0.0,0.0,0.0,0.0,0.0,0.0
619567,0.0,0.0,0.0,0.10504671203384057,0.0,0.08046105854344507,0.0,0.0,0.0,0.08793231812038026,0.0,0.0,0.11726220654582728,0.0,0.0,0.0,0.0,0.0,0.0,0.0,0.0,0.0,0.0,0.0,0.0,0.0,0.0,0.0,0.0,0.21224578583474518,0.0,0.0,0.0,0.0,0.0,0.0,0.0,0.0,0.0,0.0,0.0,0.0,0.0,0.0,0.0,0.0,0.0,0.0,0.0,0.0,0.0,0.0,0.0,0.0,0.0,0.0,0.0,0.0,0.0,0.0,0.0,0.0,0.0,0.21071138888552268,0.21010629044081916,0.21071138888552268,0.21010629044081916,0.21071138888552268,0.21010629044081916,0.1935023870515786,0.0,0.23128012816798302,0.08821617345567472,0.21071138888552268,0.21071138888552268,0.21071138888552268,0.0,0.0,0.0,0.0,0.0,0.0,0.0,0.0,0.0,0.0,0.0,0.0,0.0,0.0,0.0,0.0,0.0,0.0,0.0,0.0,0.0,0.0,0.0,0.0,0.0,0.0,0.0,0.0,0.0,0.0,0.1468619275776401,0.0,0.0,0.0,0.0,0.0,0.0,0.0,0.0,0.0,0.0,1.0,0.0,0.0969346271057284,0.04540499707166903,0.0,0.0,0.0,0.0,0.0,0.0,0.0,0.0,0.0,0.0,0.0,0.0,0.0,0.0,0.11147473794870692,0.0,0.0,0.0,0.0,0.16409384900170076,0.16409384900170076,0.16409384900170076,0.16409384900170076,0.16409384900170076,0.15417445049516396,0.0,0.0,0.0,0.0,0.0,0.0,0.0,0.0,0.0,0.0,0.0,0.0,0.0,0.0,0.0,0.0,0.0,0.0,0.0,0.0,0.0,0.0,0.0,0.0,0.0,0.0,0.0,0.0,0.0,0.0,0.0,0.0,0.0,0.07345245055999455,0.07345245055999455,0.0,0.0,0.0,0.0,0.0,0.0,0.0,0.0,0.0,0.0,0.0,0.0,0.0,0.0,0.0,0.33333333333333337,0.0,0.0,0.0,0.0,0.0,0.0,0.0,0.0,0.0,0.03402598284074717,0.0366703762724369,0.0,0.0,0.0,0.0,0.0,0.0,0.0,0.0,0.0,0.0,0.0,0.0
6082,0.0,0.0,0.0,0.04762687003475048,0.0,0.0,0.11582912072016888,0.0,0.0,0.0,0.0,0.0,0.12773407650138469,0.23859065184920605,0.0,0.16063586770240626,0.0,0.0,0.0,0.0,0.18521103597998892,0.0,0.0,0.0,0.0,0.0,0.0,0.0,0.0,0.0,0.0,0.0,0.0,0.0,0.0,0.0,0.0,0.0,0.0,0.0,0.0,0.0,0.0,0.0,0.0,0.0,0.0,0.0,0.0,0.0,0.0,0.0,0.0,0.0,0.0,0.0,0.0,0.0,0.0,0.0,0.0,0.0,0.0,0.0,0.0,0.0,0.0,0.0,0.0,0.0,0.09175184902150191,0.0,0.0,0.0,0.0,0.0,0.0,0.0,0.0,0.0,0.0,0.0,0.0,0.0,0.0,0.0,0.0,0.0,0.0,0.0,0.0,0.06330628246183878,0.0,0.0,0.15224922425339982,0.0,0.0,0.0,0.0,0.0,0.0,0.0,0.0,0.0,0.0,0.0,0.0,0.0,0.0,0.0,0.0,0.0,0.0,0.0,0.0,0.06929307047102543,0.0,0.0,1.0,0.0,0.04268363492247266,0.0,0.0,0.0,0.17851320715998323,0.0,0.0,0.0,0.0,0.0,0.0,0.0,0.0,0.06590341503771799,0.0,0.0,0.0,0.09208204875755156,0.0,0.0,0.0,0.0,0.0,0.0,0.0,0.0,0.0,0.0,0.0,0.0,0.0,0.0,0.0,0.0,0.0,0.0,0.0,0.0,0.0,0.0,0.0,0.0,0.0,0.18847962309840374,0.0,0.0,0.0,0.0,0.0,0.0,0.0,0.0,0.0,0.12011175464277014,0.0,0.0,0.0,0.0,0.0,0.0,0.0,0.0,0.0,0.0,0.0,0.0,0.0,0.0,0.0,0.0,0.0,0.0,0.0,0.0,0.0,0.0,0.0,0.0,0.25191410710032247,0.0,0.0,0.0,0.0,0.0,0.0,0.14261174644971084,0.0,0.0,0.0,0.13587407403267418,0.0,0.0,0.0,0.0,0.0,0.0,0.0,0.0,0.0,0.09999999999999999
6083,0.0,0.0,0.0,0.0,0.0,0.0,0.0,0.0,0.049480117866680315,0.0,0.0,0.0,0.0,0.0,0.0,0.0,0.0,0.0,0.0,0.055123701126270394,0.0,0.0,0.03818739487327731,0.0,0.0,0.0,0.0,0.0,0.0,0.0,0.0,0.0,0.0,0.0,0.0,0.0,0.0,0.0,0.0,0.0,0.0,0.0,0.0,0.0,0.0,0.0,0.0,0.0,0.0,0.0,0.0,0.0,0.0,0.0,0.0,0.0,0.0,0.0,0.0,0.0,0.0,0.0,0.0,0.0,0.0,0.0,0.0,0.0,0.0,0.0,0.0,0.0,0.0,0.0,0.0,0.0,0.0,0.0,0.0,0.0,0.0,0.0,0.0,0.0,0.04350434692396091,0.0,0.0,0.0,0.0,0.0,0.0,0.0,0.0,0.0,0.0,0.04776668180481368,0.0823529636358492,0.0,0.0,0.0,0.0,0.0,0.0,0.0,0.0,0.0,0.0,0.0,0.0,0.0,0.0,0.0,0.0,0.0,0.0,0.0,0.0,0.0969346271057284,0.0,1.0,0.0,0.0,0.0,0.0,0.0,0.0,0.0,0.0,0.0,0.0,0.0,0.0,0.0,0.0,0.0,0.0,0.0,0.0,0.0,0.0,0.0,0.0,0.0,0.0,0.0,0.0,0.0,0.0,0.0,0.04066154589283013,0.0,0.0,0.0,0.0,0.0,0.0,0.0,0.0,0.0,0.0,0.0,0.0,0.0,0.0,0.0,0.0,0.0,0.0,0.0,0.0,0.0,0.0845065780235384,0.05649469452266972,0.0,0.0,0.0,0.0,0.08545176635652131,0.0,0.0,0.0,0.0,0.0,0.0,0.0,0.0,0.0,0.0,0.0,0.0,0.0,0.0,0.0,0.0,0.0,0.0,0.0,0.0,0.0,0.0,0.0,0.0,0.0,0.0,0.0,0.0,0.024144598332695846,0.025985795869894208,0.0,0.0,0.0,0.0,0.0,0.0,0.0,0.0,0.0,0.04347333735358693,0.0,0.0
9304,0.0,0.04553310126687508,0.0,0.0,0.0,0.0516002228222493,0.0634435396819278,0.0,0.02337777205326434,0.026546684220201178,0.05328561304555835,0.0,0.031191671098169668,0.054524288146146245,0.02407219458554591,0.02391036376678554,0.0,0.0,0.07228607298420299,0.0,0.054995803551188195,0.042882373711298175,0.0,0.0,0.0,0.03123753130057068,0.03123753130057068,0.0,0.0,0.10610770959567156,0.0,0.0,0.0,0.0,0.0,0.0,0.0,0.0,0.0,0.033822642607782775,0.0,0.0,0.0,0.0,0.0,0.0,0.0,0.0,0.0,0.0,0.0,0.0,0.0,0.0,0.0,0.0,0.0,0.0,0.0,0.0,0.0,0.0,0.0,0.033304857134003656,0.03338745707321719,0.033304857134003656,0.03338745707321719,0.033304857134003656,0.03338745707321719,0.06536553198661571,0.06890457116659039,0.03514427631942583,0.03164840846537344,0.033304857134003656,0.033304857134003656,0.033304857134003656,0.0,0.0,0.0,0.0,0.0,0.0,0.0,0.0,0.0,0.0,0.0,0.0,0.0,0.0,0.0,0.025439346249182523,0.0,0.0,0.10674950420272948,0.0,0.0,0.0,0.0,0.0,0.0,0.030894522124358795,0.03239728349818262,0.0,0.02750265937460992,0.03346528005886512,0.0931015302127822,0.06870468730408452,0.0575061420909228,0.0,0.0,0.0,0.026197263220801563,0.03216466124040244,0.038375208782001693,0.02751862325929429,0.0,0.04540499707166903,0.04268363492247266,0.0,1.0,0.0,0.0,0.0,0.023977570854615136,0.031937057250815366,0.0,0.0,0.0,0.0,0.0,0.0,0.0,0.0,0.0,0.0387330303125989,0.0,0.07545729197669993,0.07795198049732292,0.0,0.11212912366675376,0.11212912366675376,0.11212912366675376,0.11212912366675376,0.11212912366675376,0.023524010123659102,0.0,0.0401016539680341,0.06573721609311249,0.024839450077707402,0.0,0.0,0.0,0.0,0.0,0.0,0.0,0.06596688566874837,0.08938230496871669,0.0,0.0,0.0,0.0,0.07021301544855225,0.0,0.0,0.0,0.0,0.0,0.0,0.0,0.0,0.0,0.023725871857791108,0.07952981549201991,0.07952981549201991,0.0,0.0,0.0,0.11997950546648291,0.11997950546648291,0.0,0.0,0.0,0.03372678547289672,0.0,0.03610168725211792,0.0,0.03801003084521395,0.0,0.0,0.0,0.03636785237374857,0.0,0.07523898351857283,0.0,0.04540499707166903,0.04261998311817656,0.028795217523549462,0.0,0.0,0.0,0.0,0.0,0.0,0.09160654039862201,0.0,0.0,0.0,0.03622752306652599,0.0,0.038637816658934995,0.0,0.0,0.022074306156695398,0.0,0.0,0.042797044353614935,0.0,0.0
692091,0.0,0.03016160107175117,0.0,0.0,0.021026918847845032,0.0,0.028896661651267332,0.0,0.047615784525532875,0.0,0.0,0.03443043000947796,0.0,0.01722762881228373,0.0,0.0,0.012256258345630832,0.0,0.0,0.03213380070325267,0.0,0.0,0.05392670066168252,0.0,0.0,0.0,0.0,0.0,0.0,0.0,0.01838574339852321,0.0,0.0,0.0,0.0,0.0,0.0,0.0,0.0,0.0,0.0,0.0,0.0,0.0,0.0,0.0,0.0,0.05493328116967902,0.0,0.0,0.0,0.0,0.0,0.0,0.0,0.0,0.0,0.0,0.0,0.0,0.0,0.0,0.0,0.0,0.0,0.0,0.0,0.0,0.0,0.0,0.0,0.0,0.0,0.0,0.0,0.0,0.0,0.0,0.0,0.0,0.0,0.0,0.0,0.0,0.0,0.019614619104841528,0.0,0.030598489337550258,0.0,0.0,0.026385927519765807,0.0,0.0,0.0,0.0,0.03762628845314,0.0,0.0,0.0,0.0,0.0,0.02120940566166517,0.0,0.0,0.020198223698494538,0.0,0.05856450548369753,0.0,0.0192776255966286,0.0,0.0,0.0,0.0,0.0,0.0,0.0,0.0,0.0,0.0,0.0,0.0,1.0,0.0,0.0,0.0,0.0,0.0,0.0,0.02654844560854982,0.0,0.0,0.0,0.04786039396678652,0.0,0.0,0.0,0.0,0.0,0.0,0.0,0.0,0.0,0.0,0.0,0.0,0.0,0.06875737453971145,0.0,0.0,0.0,0.0,0.0,0.0,0.0,0.0,0.0,0.07507343152611945,0.0,0.0,0.0,0.0,0.0,0.0,0.0,0.0,0.0,0.06218474712362195,0.0,0.0,0.0,0.0,0.06160616061606162,0.05046024656056159,0.036905289247154235,0.0,0.0,0.08613030998344812,0.05241246708483885,0.0,0.0,0.0,0.0,0.0,0.0,0.16547488714521202,0.12442409046658867,0.0,0.0,0.04762688158051614,0.0,0.0,0.0,0.027053140096618362,0.0,0.0,0.0,0.0,0.0,0.0,0.0,0.0,0.0,0.0,0.0,0.0,0.0,0.1120858112294203,0.04112438878121423,0.14426583354092493,0.0,0.019627083229200166,0.0,0.0,0.024542651489508006,0.02971848782567731,0.0,0.0,0.028363778702637284,0.0,0.0
26820,0.0,0.0,0.0,0.0,0.0,0.0,0.11270880092344529,0.0,0.0,0.0,0.0933776305039511,0.0,0.02612086970101537,0.045737600431973384,0.0,0.041137953152209174,0.0,0.0,0.023386141059635625,0.0,0.0,0.0,0.0,0.0,0.0,0.0,0.0,0.0,0.0,0.0,0.0,0.0,0.0,0.0,0.03873954361545605,0.0,0.0,0.0,0.0,0.0,0.0,0.0,0.0,0.0,0.0,0.0,0.0,0.0,0.0,0.0,0.0,0.0,0.0,0.0,0.0,0.0,0.0,0.0,0.0,0.0,0.0,0.0,0.0,0.0,0.0,0.0,0.0,0.0,0.0,0.0,0.0,0.061110747491319624,0.0,0.0,0.0,0.05789447447771131,0.0,0.0,0.0,0.0,0.0,0.0,0.0,0.0,0.08867788476794163,0.0,0.0,0.0,0.0,0.0,0.0,0.0,0.04383136142801679,0.0,0.0,0.0,0.0,0.0,0.0,0.0,0.0,0.05356138021197747,0.056187946264272794,0.10452409450763424,0.10020927567610549,0.058203495982605845,0.0,0.0,0.0,0.08683228932856725,0.0,0.0,0.0,0.0,0.0,0.0477514060213125,0.0,0.0,0.0,0.0,0.0,0.0,1.0,0.0,0.0,0.0,0.0,0.0,0.0,0.0,0.0,0.0,0.0,0.0,0.0,0.0,0.08035652510308246,0.0,0.08977610639610523,0.0,0.06850039378549966,0.021836269234264353,0.021836269234264353,0.06850039378549966,0.021836269234264353,0.0,0.0,0.11010001473578647,0.05549880958492358,0.0,0.0,0.0,0.0,0.0,0.12081336870433469,0.0,0.0,0.0,0.0,0.0,0.0,0.0,0.0,0.0,0.0,0.0,0.0,0.0,0.0,0.0,0.0,0.0,0.0,0.041120022381768075,0.0,0.0,0.0,0.0,0.0,0.0477514060213125,0.0477514060213125,0.05232570276551605,0.0,0.0,0.0,0.0,0.0,0.0,0.0,0.0,0.0,0.0,0.0,0.0,0.0,0.24072253277137381,0.0,0.0,0.05002818960244976,0.0,0.0,0.041666666666666664,0.0,0.0,0.0,0.0,0.0,0.0,0.0,0.03071918228012818,0.0,0.0,0.0,0.0,0.0,0.0,0.0,0.0360112495863629,0.0,0.0
9303,0.0,0.0,0.0,0.07980648689841544,0.0,0.0,0.0,0.0,0.0,0.0,0.0,0.0,0.0,0.0,0.0,0.0,0.0,0.0,0.0,0.0,0.03734731369441706,0.0,0.0,0.0,0.0,0.0,0.0,0.0,0.0,0.0,0.0,0.0,0.0,0.0,0.0,0.0,0.0,0.0,0.0,0.0,0.0,0.0,0.0,0.0,0.0,0.0,0.0,0.0,0.0,0.0,0.0,0.0,0.0,0.0,0.0,0.0,0.0,0.0,0.0,0.0,0.0,0.0,0.0,0.0,0.0,0.0,0.0,0.0,0.0,0.0,0.0,0.0,0.0,0.0,0.0,0.0,0.0,0.0,0.0,0.0,0.0,0.0,0.0,0.0,0.0,0.0,0.0,0.0,0.0,0.0,0.0,0.0,0.0,0.0,0.0,0.0,0.0,0.06664363681717149,0.0,0.0,0.0,0.0,0.0,0.0,0.0,0.0,0.0,0.0,0.0,0.0,0.0,0.0,0.0,0.0,0.0,0.0,0.10963431249758186,0.0,0.0,0.0,0.0,0.0,0.0,1.0,0.0,0.0,0.0,0.0,0.0,0.0,0.0,0.0,0.0,0.0,0.0,0.0,0.0,0.0,0.0,0.24594051167811443,0.0,0.0,0.0,0.0,0.0,0.0,0.0,0.0,0.0,0.05108318888733179,0.0,0.0,0.0,0.0,0.0,0.0,0.0,0.0,0.0,0.0,0.0,0.0,0.0,0.0,0.0,0.2559555331254076,0.0,0.13009980937165222,0.0,0.0,0.0,0.0,0.0,0.0,0.0,0.0,0.0,0.0,0.0,0.057702247115157264,0.057702247115157264,0.0,0.0,0.0,0.0,0.0,0.0,0.0,0.0,0.0,0.0,0.0,0.0,0.0,0.0,0.0,0.0,0.0,0.0,0.0,0.0,0.0,0.0,0.03669192810000183,0.0,0.0,0.03032704957893368,0.03230778966840688,0.07337693265152742,0.0,0.0,0.0,0.17898341470695425,0.0,0.0,0.07667445662274677,0.1349690809941499,0.044220426480241055,0.0,0.0
9302,0.0,0.0,0.0,0.024539256622728087,0.0,0.0,0.0,0.0,0.0,0.0,0.0,0.0,0.017927135607581874,0.08736850091647821,0.0,0.06176504148695874,0.045760002631560846,0.0,0.017485616270812687,0.0,0.04506439063743053,0.0,0.0,0.0,0.0420083132826483,0.0,0.0,0.0,0.0,0.0,0.0,0.0,0.0,0.0,0.03230386511772162,0.0,0.0,0.0,0.0,0.0,0.0,0.0,0.0,0.0,0.0,0.0,0.0,0.0,0.0,0.0,0.0,0.0,0.0,0.0,0.0,0.0,0.0,0.0,0.0,0.0,0.0,0.0,0.0,0.0,0.0,0.0,0.0,0.0,0.0,0.0,0.0,0.0,0.0,0.0,0.0,0.0,0.037990498235817724,0.043878117691572835,0.043878117691572835,0.056796474151964295,0.043878117691572835,0.043878117691572835,0.043878117691572835,0.0,0.0,0.03692318225637361,0.03228452917925925,0.0,0.0,0.0,0.0,0.20141734807333633,0.0,0.047612839249757934,0.05637307208919679,0.0,0.0,0.0,0.0,0.0,0.0,0.04018587197563862,0.04177109728610764,0.0,0.03729225021136562,0.04436915004625016,0.0,0.027276479197820058,0.03641310702160162,0.0,0.0,0.0,0.036994743576041586,0.0,0.0,0.0,0.0,0.0,0.17851320715998323,0.0,0.023977570854615136,0.0,0.0,0.0,1.0,0.0,0.0,0.0,0.0,0.0,0.0,0.0,0.0,0.0360367070162019,0.0,0.0,0.0,0.0,0.03572601598923527,0.0625176284833425,0.016410224063057696,0.016410224063057696,0.016410224063057696,0.016410224063057696,0.016410224063057696,0.0,0.0,0.0,0.0,0.07639733107108332,0.0,0.0,0.0,0.0,0.0,0.0,0.0,0.0,0.0,0.0,0.0,0.0,0.0,0.09695481543724732,0.0,0.0,0.0,0.0,0.0,0.0,0.0,0.0,0.09346151470026266,0.1056678711104995,0.0,0.0,0.0,0.04950266371536955,0.0,0.0,0.0,0.042353303206134084,0.0,0.0,0.0,0.0,0.0,0.0,0.0,0.0,0.0,0.0,0.0,0.0,0.0507753034225726,0.0,0.0,0.0,0.1784318264674693,0.0,0.0,0.0,0.0,0.0,0.0,0.0,0.0,0.0,0.0,0.05083871753904917,0.03795480193231405,0.0,0.0,0.0,0.0,0.0,0.0,0.0,0.0,0.046285815257521755
9301,0.0,0.0,0.0,0.0,0.058194784854956785,0.0,0.0,0.0,0.042652461429702554,0.0,0.0,0.025838701556989547,0.0,0.0,0.043939049289060936,0.0,0.0,0.0,0.0,0.0,0.03210600420686853,0.0,0.0,0.0,0.05555555555555557,0.0,0.0,0.0,0.0,0.12948195722063618,0.0,0.0,0.0,0.0,0.1333849733045166,0.0,0.0,0.0,0.0,0.0,0.0,0.0,0.0,0.0,0.0,0.0,0.0,0.07119471344034789,0.0,0.0,0.0,0.0,0.0,0.0,0.0,0.0,0.0,0.0,0.0,0.0,0.0,0.0,0.0,0.0,0.0,0.0,0.0,0.0,0.0,0.0,0.0,0.0,0.0,0.0,0.0,0.0,0.05364666481682633,0.06463346126058345,0.06463346126058345,0.03557694286136765,0.06463346126058345,0.06463346126058345,0.06463346126058345,0.06793925365616049,0.04482533212417563,0.05162943533466112,0.0,0.0,0.0,0.0,0.0,0.04660007209428519,0.04626172618842773,0.0,0.0,0.0,0.06582965294811158,0.0,0.0,0.0,0.0,0.0,0.0,0.0,0.0,0.0,0.03962493428646596,0.039891505443629044,0.0,0.0,0.09239267333552847,0.0,0.0,0.059131437120466035,0.07094916237525276,0.0,0.0,0.0,0.0,0.0,0.031937057250815366,0.0,0.0,0.0,0.0,1.0,0.0969280232484386,0.0,0.0,0.0,0.0,0.0,0.0,0.0,0.0,0.0,0.0,0.0,0.0,0.0,0.02310582429438986,0.02310582429438986,0.02310582429438986,0.02310582429438986,0.02310582429438986,0.042928012213271145,0.0,0.0,0.0,0.0,0.0,0.0,0.0,0.0,0.0,0.0,0.0,0.0,0.0,0.0,0.0,0.0,0.0,0.0,0.0,0.0,0.0,0.0,0.0,0.0,0.0,0.0,0.0,0.0,0.07069297303830087,0.07069297303830087,0.0,0.0,0.0,0.0,0.0,0.05525576435654659,0.0,0.0,0.0,0.040623849919473695,0.0,0.0,0.0,0.0,0.0,0.0,0.0,0.0,0.0,0.0,0.0,0.0,0.0,0.0,0.0,0.043936053740114306,0.0,0.0,0.0,0.0,0.0,0.0,0.0,0.06699544211646843,0.0,0.0,0.0,0.0,0.0,0.0,0.0,0.0,0.31085355368314327,0.0
9300,0.0,0.0,0.0,0.0,0.0,0.0,0.06977751186844117,0.0,0.09666489738659688,0.0,0.1322686297134242,0.0,0.0,0.0,0.0,0.0,0.0,0.0,0.0,0.0,0.0,0.0,0.0,0.0,0.0,0.0,0.0,0.0,0.0,0.0,0.0,0.0,0.0,0.0,0.19249590652442777,0.0,0.0,0.0,0.0,0.0,0.0,0.0,0.0,0.0,0.0,0.0,0.0,0.0,0.0,0.0,0.0,0.0,0.0,0.0,0.0,0.0,0.0,0.0,0.0,0.0,0.0,0.0,0.0,0.0,0.0,0.0,0.0,0.0,0.0,0.0,0.0,0.0,0.0,0.0,0.0,0.0,0.108255960209667,0.15969534094766866,0.15969534094766866,0.052278154227169166,0.15969534094766866,0.15969534094766866,0.15969534094766866,0.18263441893568633,0.06939385677945469,0.10001748841197552,0.0,0.0,0.0,0.0,0.0,0.0,0.0,0.0,0.0,0.0,0.0,0.0,0.0,0.0,0.0,0.0,0.0,0.09391180644391557,0.0,0.0,0.0,0.0,0.0,0.0,0.0,0.0,0.0,0.12693628176479388,0.0,0.0,0.0,0.0,0.0,0.0,0.0,0.0,0.0,0.0,0.0,0.0969280232484386,1.0,0.0,0.0,0.0,0.0,0.0,0.0,0.0,0.0,0.0,0.0,0.0,0.0,0.0,0.0,0.0,0.0,0.0,0.0,0.0,0.0,0.0,0.0,0.0,0.0,0.0,0.0,0.0,0.0,0.0,0.0,0.0,0.0,0.0,0.0,0.0,0.0,0.0,0.0,0.0,0.0,0.0,0.0,0.0,0.0,0.0,0.0,0.0,0.0,0.0,0.0,0.0,0.0,0.0,0.0,0.0,0.0,0.0,0.0,0.07186374669198266,0.0,0.0,0.0,0.0,0.0,0.0,0.0,0.0,0.0,0.0,0.0,0.0,0.0,0.0,0.0,0.0,0.0,0.0,0.0,0.0,0.0,0.0,0.0,0.04976329026591885,0.0,0.0,0.0,0.0,0.0,0.0,0.0,0.0,0.0,0.0
9299,0.0,0.0,0.0,0.0,0.0,0.0,0.0,0.0,0.0,0.0,0.0,0.0,0.0,0.0,0.0,0.0,0.0,0.0,0.0,0.0,0.0,0.0,0.0,0.0,0.0,0.0,0.0,0.0,0.0,0.0,0.0,0.0,0.0,0.0,0.0,0.0,0.0,0.0,0.0,0.0,0.0,0.0,0.0,,,0.0,0.0,0.0,0.0,0.0,0.0,0.0,,0.0,,0.0,,0.0,,,0.0,0.0,,0.0,0.0,0.0,0.0,0.0,0.0,0.0,0.0,0.0,0.0,0.0,0.0,0.0,0.0,0.0,0.0,0.0,0.0,0.0,0.0,0.0,0.0,0.0,0.0,0.0,0.0,,0.0,0.0,0.0,0.0,0.0,0.0,0.0,0.0,0.0,0.0,0.0,0.0,0.0,0.0,0.0,0.0,0.0,0.0,0.0,0.0,0.0,0.0,0.0,0.0,0.0,0.0,0.0,0.0,0.0,0.0,0.0,0.0,0.0,0.0,0.0,0.0,0.0,,0.0,0.0,0.0,0.0,0.0,0.0,0.0,0.0,0.0,0.0,0.0,0.0,0.0,0.0,0.0,0.0,0.0,0.0,0.0,0.0,0.0,0.0,0.0,0.0,0.0,0.0,0.0,0.0,0.0,0.0,0.0,0.0,0.0,0.0,0.0,0.0,,0.0,0.0,0.0,0.0,0.0,0.0,0.0,0.0,0.0,0.0,0.0,0.0,0.0,0.0,0.0,0.0,0.0,,0.0,0.0,0.0,0.0,0.0,0.0,0.0,0.0,,0.0,0.0,0.0,0.0,0.0,0.0,0.0,0.0,,0.0,0.0,0.0,0.0,0.0,0.0,0.0,0.0,0.0,0.0,0.0,0.0,0.0,0.0,0.0,0.0,0.0,0.0,0.0
9298,0.0,0.0,0.0,0.0,0.0,0.0,0.0,0.0,0.0,0.057389205930160295,0.0,0.0,0.0,0.0,0.0,0.0,0.0,0.0,0.02868886101228888,0.0,0.0,0.0,0.0,0.0,0.0,0.0,0.0,0.0,0.0,0.0,0.0,0.0,0.0,0.0,0.0,0.0,0.0,0.0,0.0,0.0,0.0,0.0,0.0,0.0,0.0,0.0,0.0,0.0,0.0,0.0,0.0,0.0,0.0,0.0,0.0,0.0,0.0,0.0,0.0,0.0,0.0,0.0,0.0,0.0,0.0,0.0,0.0,0.0,0.0,0.0,0.07091690544412607,0.0,0.0,0.0,0.0,0.0,0.0,0.0,0.0,0.0,0.0,0.0,0.0,0.0,0.0,0.0,0.0,0.0,0.0,0.0,0.0,0.0,0.0,0.0,0.0,0.0,0.0,0.0,0.0,0.0,0.0,0.06585891069116014,0.14907587029347374,0.0,0.05770133240919264,0.07115729917777917,0.0,0.046796681993321654,0.0,0.0,0.0,0.0,0.0,0.0,0.0,0.057692277714834914,0.0,0.0,0.0,0.0,0.0,0.02654844560854982,0.0,0.0,0.0,0.0,0.0,0.0,1.0,0.0,0.0,0.0,0.0,0.0,0.0,0.0,0.0,0.0,0.0,0.0,0.0,0.0,0.0,0.0,0.0,0.0,0.0,0.0,0.0,0.0,0.0,0.0,0.0,0.0,0.0,0.0,0.06132553684944047,0.0,0.0,0.0,0.0,0.0,0.0,0.0,0.0,0.0,0.0,0.0,0.0,0.0,0.0,0.0,0.0,0.0,0.0,0.0,0.0,0.0,0.0,0.0,0.0,0.0,0.0,0.0,0.0,0.0,0.0,0.0,0.0,0.0,0.0,0.0,0.0,0.0,0.0,0.0,0.0,0.0,0.0,0.0,0.0,0.0,0.0,0.0,0.09466975699829006,0.0,0.0,0.0321179462943878,0.11364970980363065,0.0,0.0,0.0,0.0,0.0,0.0,0.0,0.0,0.0,0.0,0.0
26819,0.0,0.034898911630178914,0.0,0.0,0.02435131716994888,0.0,0.0,0.0,0.0,0.0,0.0,0.0,0.023870302906888876,0.0,0.0,0.0,0.0,0.0,0.0,0.0,0.0,0.03291792644398912,0.0,0.0,0.0,0.0,0.0,0.0,0.0,0.0,0.0,0.0,0.09083572105746684,0.0,0.0,0.0,0.0,0.0,0.0,0.0,0.0,0.0,0.0,0.0,0.0,0.0,0.0,0.0,0.0,0.0,0.0,0.0,0.0,0.0,0.0,0.0,0.0,0.0,0.0,0.0,0.0,0.0,0.0,0.0,0.0,0.0,0.0,0.0,0.0,0.0,0.0,0.0,0.0,0.0,0.0,0.0,0.0,0.0,0.0,0.0,0.0,0.0,0.0,0.0,0.0,0.0,0.0,0.03617431728678812,0.0,0.0,0.0,0.0,0.0,0.0,0.0,0.039955294775076824,0.0,0.0,0.0,0.0,0.0,0.0,0.0,0.045167270999126215,0.0,0.0,0.0,0.0,0.04401184694579737,0.0,0.0,0.0,0.0,0.0,0.0,0.0,0.0,0.0,0.0,0.0,0.0,0.0,0.0,0.0,0.0,0.0,0.0,0.0,0.0,1.0,0.0,0.0,0.0,0.0,0.09441947662715848,0.0,0.0,0.0,0.0,0.0,0.019920610786140686,0.040651014612437454,0.040651014612437454,0.019920610786140686,0.040651014612437454,0.03689423091456527,0.0,0.0,0.0,0.0,0.0,0.08138971579652206,0.09567473619405786,0.08748042378150185,0.0,0.0,0.09845071003744764,0.0,0.0,0.0,0.0,0.0,0.0,0.0,0.0,0.0,0.0,0.0,0.0,0.0,0.0,0.0,0.0,0.12125819765896208,0.0,0.0,0.0,0.0,0.0,0.0,0.0,0.0,0.0,0.0,0.0,0.0,0.05718732571384957,0.06423453897877154,0.0,0.0,0.0,0.0,0.0,0.0,0.0,0.0,0.0,0.0,0.0,0.071673307437814,0.0,0.0,0.0,0.0,0.0,0.0,0.0,0.0,0.02719445522778503,0.0,0.0,0.0,0.0,0.0,0.0,0.0,0.0,0.0,0.0,0.05594378553198477
26818,0.0,0.0,0.0,0.0,0.0,0.0,0.0,0.0,0.0,0.0,0.0,0.0,0.0,0.0,0.0,0.0,0.0,0.0,0.0,0.0,0.0,0.042181989327949934,0.0,0.0,0.0,0.06261484018681601,0.06261484018681601,0.0,0.0,0.0,0.0,0.0,0.0,0.0,0.0,0.0,0.0,0.0,0.0,0.0,0.0,0.0,0.0,0.0,0.0,0.0,0.0,0.0,0.0,0.0,0.0,0.0,0.0,0.0,0.0,0.0,0.0,0.0,0.0,0.0,0.0,0.0,0.0,0.14284363432134717,0.14280220839274985,0.14284363432134717,0.14280220839274985,0.14284363432134717,0.14280220839274985,0.13320659640640378,0.14284363432134717,0.15398383370919447,0.13320659640640378,0.14284363432134717,0.14284363432134717,0.14284363432134717,0.05912207365975887,0.0,0.0,0.0,0.0,0.0,0.0,0.0,0.0,0.05630001638718192,0.0,0.0,0.0,0.0,0.0,0.0,0.0,0.0,0.0,0.0,0.0,0.0,0.06485589666480818,0.0,0.0,0.0,0.0,0.0,0.0,0.0,0.0,0.0,0.0,0.0,0.0,0.0,0.0,0.0,0.0,0.0,0.0,0.0,0.0,0.0,0.0,0.0,0.0,0.0,0.0,0.0,0.0,0.0,0.0,0.0,1.0,0.0,0.0,0.0,0.0,0.0,0.0,0.0,0.0,0.0,0.025549355869042136,0.025549355869042136,0.025549355869042136,0.025549355869042136,0.025549355869042136,0.0,0.0,0.0,0.0,0.0,0.0,0.0,0.0,0.0,0.0,0.0,0.0,0.0,0.0,0.05354066790077857,0.061535541575890626,0.0,0.0,0.0,0.0,0.0,0.0,0.0,0.0,0.0,0.0,0.0,0.0,0.0,0.0,0.0,0.0,0.0,0.0,0.0,0.0,0.0,0.0,0.0,0.06635357001839602,0.0,0.0,0.0,0.0,0.0,0.0,0.0,0.0,0.0,0.0,0.0,0.0,0.0,0.0,0.0,0.0,0.0,0.04525457494180184,0.06650923607754203,0.0,0.0,0.0,0.0,0.0,0.0,0.0,0.0,0.0,0.22865226180919893,0.0,0.0,0.0,0.0,0.0,0.0
26817,0.0,0.0,0.0,0.0,0.0,0.0,0.0,0.0,0.0,0.0,0.0,0.0,0.0,0.0,0.0,0.07979762609248417,0.02790132223413228,0.0,0.0,0.0,0.02819192446745985,0.0,0.0,0.0,0.05238871476168047,0.0,0.0,0.0,0.058863687962259034,0.0,0.1377440968337188,0.0,0.0,0.0,0.0,0.0,0.0,0.0,0.0,0.0,0.0,0.0,0.0,0.0,0.0,0.0,0.0,0.0,0.0,0.0,0.0,0.0,0.0,0.0,0.0,0.0,0.0,0.0,0.0,0.0,0.0,0.0,0.0,0.0,0.0,0.0,0.0,0.0,0.0,0.0,0.0,0.0,0.0,0.0,0.0,0.0,0.0,0.056490157983914276,0.056490157983914276,0.0,0.056490157983914276,0.056490157983914276,0.056490157983914276,0.0,0.0,0.0,0.0,0.0,0.060244472133711646,0.0,0.0,0.0,0.0441079480056314,0.0,0.0,0.0,0.0,0.0,0.0,0.0,0.0,0.0,0.0,0.0,0.0,0.0,0.0,0.0,0.0,0.0,0.0,0.0,0.0,0.0,0.0,0.0,0.0,0.0,0.0,0.0,0.0,0.0,0.0,0.0,0.0,0.0,0.0,0.0,0.0,0.0,0.0,1.0,0.0,0.04512486795004355,0.0,0.0,0.0,0.0625,0.0,0.0,0.0,0.0,0.0,0.0,0.0,0.0,0.0,0.0,0.0,0.0,0.0,0.0,0.0,0.0,0.0,0.0,0.0,0.0,0.0,0.0,0.0,0.0,0.0,0.0,0.0,0.0,0.0,0.0,0.0,0.0,0.0,0.0718433356064245,0.05555555555555556,0.0,0.0,0.0,0.0,0.0,0.0,0.0,0.0,0.0,0.0,0.0,0.0,0.0,0.13023604525253316,0.0,0.0,0.0,0.05463586563512631,0.0,0.0,0.0,0.0,0.0,0.0,0.0,0.10369229213732611,0.0,0.0,0.04246841108152018,0.0,0.0,0.0,0.0,0.026818062584645277,0.028329188378762655,0.030630751447037554,0.0,0.0,0.0,0.0,0.0,0.0,0.0,0.0,0.03392848489310114,0.0,0.0
26816,0.0,0.0,0.058742813164482266,0.0,0.0,0.0,0.0,0.0,0.0,0.0,0.0,0.05514014715766712,0.0,0.0,0.0,0.0,0.0,0.0,0.029673555579095897,0.0,0.0,0.0,0.0,0.0,0.0,0.0,0.0,0.0,0.0,0.0,0.0,0.0,0.0,0.0,0.0,0.0,0.0,0.0,0.0,0.0,0.0,0.0,0.0,0.0,0.0,0.0,0.0,0.0,0.0,0.0,0.0,0.0,0.0,0.0,0.0,0.0,0.0,0.0,0.0,0.0,0.0,0.0,0.0,0.0,0.0,0.0,0.0,0.0,0.0,0.0,0.0,0.0,0.0,0.0,0.0,0.0,0.0,0.0,0.0,0.0,0.0,0.0,0.0,0.0,0.0,0.0,0.04076592987312568,0.05269425291275892,0.0,0.0,0.0,0.0,0.0,0.0,0.0,0.0,0.0,0.0,0.0,0.15409262332974843,0.0,0.0,0.0,0.0,0.0,0.0,0.0,0.05049893153126968,0.0602817867136563,0.0,0.0,0.0,0.0,0.0,0.0,0.0,0.0,0.0,0.0,0.0,0.0,0.04786039396678652,0.0,0.0,0.0,0.0,0.0,0.0,0.0,0.0,0.0,0.0,1.0,0.0530240829435288,0.0,0.0,0.0,0.0,0.0,0.0,0.0,0.0,0.0,0.0,0.0,0.0,0.0,0.0,0.0,0.0,0.0,0.0,0.0,0.0,0.0,0.0,0.0,0.0,0.0,0.0,0.0,0.0,0.0,0.0,0.0,0.0,0.0,0.0,0.0,0.0,0.0,0.0,0.0,0.0,0.0,0.0,0.0,0.0,0.0,0.0,0.0,0.0,0.0,0.06941605507809818,0.0,0.0,0.0,0.0,0.0,0.0,0.0,0.0,0.0,0.0,0.0,0.0,0.0,0.0,0.0,0.0,0.0,0.0,0.0,0.0,0.0,0.0,0.0,0.0,0.03164318932540713,0.0,0.07058258715900034,0.0,0.0,0.0,0.0,0.0,0.0,0.0,0.0,0.07667872838592005
84546,0.0,0.0,0.03819424152490173,0.08840842373406266,0.0,0.0,0.030748205517575605,0.10445883056891475,0.03566203805412424,0.0,0.0,0.0,0.023556239235974927,0.0,0.0,0.036513048126364855,0.02473686122064996,0.0,0.0,0.0,0.0,0.0,0.0,0.0,0.0456996230629691,0.0,0.0,0.0,0.0,0.0,0.0,0.0,0.0,0.0,0.0,0.0,0.0,0.0,0.0,0.0,0.0,0.12520304822728814,0.0,0.0,0.0,0.0,0.0,0.0,0.0,0.0,0.0,0.0,0.0,0.0,0.0,0.0,0.0,0.0,0.0,0.0,0.0,0.0,0.0,0.0,0.0,0.0,0.0,0.0,0.0,0.0,0.05080380242904939,0.0,0.0,0.0,0.0,0.0,0.0,0.053951698140639534,0.053951698140639534,0.0,0.053951698140639534,0.053951698140639534,0.053951698140639534,0.0,0.0,0.0,0.0,0.03522678967620716,0.0,0.0,0.0,0.0,0.0,0.0,0.029595510140450802,0.0,0.0,0.0,0.04733763842553422,0.0,0.05348230343334049,0.0,0.04952782209660226,0.0,0.04168453756505312,0.0,0.0,0.06916996542749056,0.0,0.0,0.0,0.0,0.03949778882185671,0.0,0.0,0.041696154695550665,0.0,0.0,0.06590341503771799,0.0,0.0,0.0,0.0,0.0,0.0360367070162019,0.0,0.0,0.0,0.0,0.0,0.0,0.04512486795004355,0.0530240829435288,1.0,0.0,0.0,0.0,0.18658100275215014,0.0,0.0,0.0,0.0,0.0,0.0,0.0,0.0,0.0,0.0,0.0,0.0,0.0,0.0,0.0,0.0,0.0,0.0,0.0,0.0,0.0,0.0,0.048465306083764974,0.0,0.0,0.0,0.0,0.0,0.0,0.0,0.039300344619729484,0.0,0.0,0.0,0.0,0.03579540683669903,0.12439356145806314,0.058554857120112186,0.0,0.0,0.0,0.0,0.0,0.0,0.0,0.051505805612449246,0.0,0.0,0.11651186252276684,0.0,0.0,0.0,0.0,0.0,0.0,0.0,0.0,0.0,0.0,0.0,0.09125430183266378,0.0,0.0,0.0,0.0,0.026805069932287866,0.0,0.0,0.0,0.0,0.0,0.026742749003302504,0.04654305993945025,0.0,0.0,0.0,0.0,0.0,0.0,0.0,0.0,0.05407249533860565
26815,0.0,0.0,0.0,0.0,0.0,0.0,0.0,0.0,0.0,0.0,0.0,0.0,0.0,0.0,0.0,0.0,0.0,0.0,0.0,0.0,0.0,0.09211737855342499,0.0,0.0,0.0,0.0,0.0,0.0,0.0,0.0,0.0,0.0,0.9980886252834739,0.0,0.0,0.0,0.0,0.0,0.0,0.0,0.0,0.0,0.0,0.0,0.0,0.0,0.0,0.0,0.0,0.0,0.0,0.0,0.0,0.0,0.0,0.0,0.0,0.0,0.0,0.0,0.0,0.0,0.0,0.0,0.0,0.0,0.0,0.0,0.0,0.0,0.0,0.0,0.0,0.0,0.0,0.0,0.0,0.0,0.0,0.0,0.0,0.0,0.0,0.0,0.0,0.0,0.0,0.0,0.0,0.0,0.0,0.0,0.0,0.0,0.0,0.09375483959550258,0.0,0.0,0.0,0.0,0.0,0.0,0.0,0.0,0.0,0.0,0.0,0.0,0.12231258632179587,0.0,0.0,0.0,0.0,0.0,0.0,0.0,0.0,0.0,0.0,0.0,0.0,0.0,0.0,0.0,0.0,0.0,0.0,0.0,0.0,0.09441947662715848,0.0,0.0,0.0,0.0,1.0,0.0,0.0,0.0,0.0,0.0,0.0,0.0,0.0,0.0,0.0,0.0,0.0,0.0,0.0,0.0,0.0,0.0,0.0,0.0,0.0,0.0,0.0,0.0,0.0,0.0,0.0,0.0,0.0,0.0,0.0,0.0,0.0,0.0,0.0,0.0,0.0,0.0,0.0,0.07763540810459656,0.0,0.0,0.0,0.0,0.0,0.0,0.0,0.0,0.0,0.0,0.0,0.0,0.0,0.0,0.0,0.0,0.0,0.0,0.0,0.0,0.0,0.0,0.0,0.0,0.0,0.24716648341273437,0.0,0.0,0.0,0.0,0.0,0.0,0.0,0.0,0.0,0.0,0.0,0.0,0.0,0.0,0.0,0.0,0.0,0.0,0.0,0.0
26814,0.0,0.0,0.0,0.0,0.0,0.061666426192159486,0.0,0.0,0.0,0.0661557329705922,0.0,0.03048108847532495,0.0,0.031249709950578276,0.0,0.0,0.0,0.0,0.0,0.0,0.0,0.0,0.0,0.0,0.0,0.0,0.0,0.0,0.0,0.077683485867059,0.0,0.0,0.0,0.0,0.0,0.0,0.0,0.0,0.0,0.0,0.0,0.0,0.0,0.0,0.0,0.0,0.0,0.0,0.0,0.0,0.0,0.0,0.0,0.0,0.0,0.0,0.0,0.0,0.0,0.0,0.0,0.0,0.0,0.07777774921406931,0.07778191844769572,0.07777774921406931,0.07778191844769572,0.07777774921406931,0.07778191844769572,0.07291679194786345,0.0,0.08333310412169437,0.07291679194786345,0.07777774921406931,0.07777774921406931,0.07777774921406931,0.0,0.0,0.0,0.0,0.0,0.0,0.0,0.0,0.0,0.0,0.0,0.0,0.0,0.0,0.0,0.0,0.0,0.0,0.0,0.0,0.0,0.0,0.0,0.0,0.0,0.0,0.0,0.0,0.06206172980626598,0.0,0.05284496840589603,0.0,0.0,0.0,0.0,0.0,0.0,0.0,0.0,0.0,0.0,0.11147473794870692,0.0,0.0,0.0387330303125989,0.0,0.0,0.0,0.0,0.0,0.0,0.0,0.0,0.0,0.0,0.0,0.0,0.0,0.0,1.0,0.0,0.0,0.0,0.0,0.06090343768274919,0.06090343768274919,0.06090343768274919,0.06090343768274919,0.06090343768274919,0.0,0.0,0.0,0.0,0.0,0.0,0.0,0.0,0.0,0.0,0.24354038640364586,0.0,0.0,0.0,0.0,0.0,0.0,0.0,0.0,0.0,0.0,0.0,0.0,0.0,0.0,0.0,0.0,0.0,0.0,0.0,0.0,0.0,0.0,0.0,0.061952496142309695,0.061952496142309695,0.0,0.0,0.0,0.0,0.0,0.0,0.0,0.0,0.0,0.0,0.0,0.0,0.0,0.0,0.0,0.11147473794870692,0.0,0.0,0.0,0.0,0.0,0.0,0.0,0.0,0.0,0.0,0.0,0.0,0.0,0.0,0.0,0.0,0.0,0.0,0.0,0.0,0.0,0.0,0.0
26813,0.0,0.0,0.0,0.050281093500282946,0.0,0.08000100781050347,0.0,0.0,0.0,0.0,0.0,0.0,0.0,0.0,0.0,0.0,0.0,0.0,0.03962477854506838,0.0,0.0,0.0,0.05490815120006826,0.0,0.0,0.0,0.0,0.0,0.0,0.0,0.0,0.0,0.0,0.0,0.0,0.0,0.0,0.0,0.0,0.0,0.0,0.0,0.0,0.0,0.0,0.0,0.0,0.0,0.0,0.0,0.0,0.0,0.0,0.0,0.0,0.0,0.0,0.0,0.0,0.0,0.0,0.0,0.0,0.0,0.0,0.0,0.0,0.0,0.0,0.0,0.0,0.0,0.0,0.0,0.0,0.0,0.0,0.0,0.0,0.0,0.0,0.0,0.0,0.0,0.0,0.0,0.0,0.0,0.0,0.0,0.0,0.0,0.0,0.0,0.16739130434782606,0.0,0.0,0.0,0.0,0.0,0.0,0.0,0.0,0.0,0.07448331695759354,0.0,0.06808391650670335,0.06823810201341814,0.0,0.0,0.0,0.0,0.0,0.0,0.0,0.16030388971357412,0.0,0.0,0.0,0.0,0.0,0.0,0.08035652510308246,0.0,0.0,0.0,0.0,0.0,0.0,0.0,0.0,0.0,0.0,0.0,0.0,0.0,1.0,0.0,0.0,0.0,0.03660480878680371,0.0,0.0,0.03660480878680371,0.0,0.0,0.0,0.0,0.0,0.0,0.0,0.0,0.0,0.0,0.0,0.0,0.0,0.0,0.0,0.0,0.0,0.0,0.0,0.0,0.0,0.0,0.0,0.0,0.0,0.0,0.25867961287333135,0.0,0.0,0.0,0.0,0.0,0.0,0.0,0.0,0.0,0.0,0.0,0.0,0.0,0.0,0.0,0.0,0.0,0.0,0.0,0.0,0.0,0.0,0.0,0.0,0.0,0.0,0.0,0.0,0.0,0.0,0.0590157311044865,0.0,0.0,0.0,0.0,0.0,0.0,0.0,0.0,0.0,0.0,0.0,0.0,0.0,0.0,0.0,0.0,0.0,0.0
26812,0.0,0.0,0.0,0.038317458123721275,0.0,0.0,0.13893937210147247,0.04490926589401627,0.049265977067826344,0.0,0.0,0.0,0.032418488119167824,0.08670844768945006,0.0,0.10628315881546085,0.0,0.0,0.0,0.0,0.07703367017850982,0.0,0.0,0.0,0.06331917186372756,0.0,0.0,0.0,0.0,0.07002681121343735,0.0,0.0,0.0,0.0,0.0,0.0,0.0,0.0,0.0,0.07147728133591569,0.0,0.08206443320363911,0.0,0.0,0.0,0.1044934807905399,0.0,0.08206443320363911,0.0,0.0,0.0,0.0,0.0,0.0,0.0,0.0,0.0,0.0,0.0,0.0,0.0,0.0,0.0,0.0,0.0,0.0,0.0,0.0,0.0,0.0,0.24643363386642278,0.0,0.0,0.0,0.0,0.0,0.0,0.07504529817146655,0.07504529817146655,0.0,0.07504529817146655,0.07504529817146655,0.07504529817146655,0.0,0.0,0.0,0.0,0.0,0.0,0.0,0.0,0.0,0.0,0.0,0.04076234386607843,0.0,0.0,0.0,0.0,0.0,0.0,0.06538540470893689,0.14767641207658075,0.0,0.1224240666047246,0.07085555323758208,0.0,0.04614738709102704,0.0,0.0,0.0,0.0,0.054594860603829704,0.0,0.0,0.12245818629610959,0.0,0.0,0.09208204875755156,0.0,0.07545729197669993,0.0,0.0,0.0,0.0,0.0,0.0,0.0,0.0,0.0,0.0,0.0625,0.0,0.18658100275215014,0.0,0.0,0.0,1.0,0.0,0.0,0.0,0.0,0.0,0.0,0.0,0.0,0.0,0.0,0.0,0.0,0.0,0.0,0.0,0.0,0.0,0.0,0.0,0.0,0.0,0.0,0.06722889639244435,0.0,0.0,0.15422936277714352,0.0,0.0,0.0,0.0,0.0,0.0,0.0,0.0,0.0,0.10397011334172923,0.0,0.0,0.0,0.0,0.0,0.0,0.0,0.0,0.0,0.0,0.0,0.0,0.07655996896362867,0.0,0.08190664686403754,0.0,0.0,0.0,0.0,0.0,0.0,0.0,0.0,0.09117021435454806,0.1286151911792693,0.0,0.0,0.049740225957341254,0.0,0.0,0.0,0.20868399530593015,0.0,0.0,0.0,0.03679460236080477,0.0,0.0,0.0,0.0,0.0,0.0,0.0,0.0,0.0,0.07518862070882948
94162,0.0,0.0,0.03142163641073826,0.0,0.0,0.0,0.0,0.0,0.09610719388295053,0.0,0.0,0.0,0.0,0.016666584159127862,0.03088394765593917,0.0,0.023034961421622598,0.0,0.01788860385407927,0.031258255100434576,0.0,0.0,0.025032043104033435,0.0,0.0,0.0,0.0,0.04674830551421874,0.0,0.0,0.0,0.0,0.0,0.0,0.0,0.0,0.0,0.0,0.0,0.0,0.0,0.0,0.0,0.0,0.0,0.0,0.0,0.0,0.0,0.0,0.0,0.0,0.0,0.0,0.0,0.0,0.0,0.0,0.0,0.0,0.0,0.0,0.0,0.045064368083148704,0.0453134625569374,0.045064368083148704,0.0453134625569374,0.045064368083148704,0.0453134625569374,0.043388474101304815,0.0,0.15516820546447227,0.0,0.045064368083148704,0.045064368083148704,0.1485811164358775,0.0,0.044786264938531294,0.044786264938531294,0.028559708127844877,0.044786264938531294,0.044786264938531294,0.044786264938531294,0.0,0.0,0.0,0.0,0.0,0.0,0.0,0.0,0.03573158202066444,0.0,0.0,0.058252781752143906,0.03514096785573541,0.0,0.0,0.0,0.0,0.0,0.0,0.0,0.0,0.0,0.0,0.027581176993732505,0.0,0.0,0.0,0.0,0.0,0.03824849407063187,0.0,0.0,0.0,0.0,0.0,0.0,0.0,0.07795198049732292,0.0,0.08977610639610523,0.0,0.03572601598923527,0.0,0.0,0.0,0.0,0.0,0.0,0.0,0.0,0.0,0.0,0.0,0.0,0.0,1.0,0.06381789127743272,0.15227592711699434,0.15227592711699434,0.15227592711699434,0.15227592711699434,0.15227592711699434,0.0,0.0,0.0,0.0,0.0,0.0,0.0,0.0,0.0,0.0,0.0,0.0,0.0,0.0,0.0,0.0,0.0,0.0,0.0,0.0,0.0,0.0,0.0,0.07977375117453375,0.0,0.0,0.0,0.04613175161362227,0.03395209012456682,0.0,0.0,0.052632310224001264,0.05056675750723425,0.0,0.17421783972013652,0.17421783972013652,0.043783469455937765,0.0,0.0,0.046518294254516666,0.0,0.0,0.0,0.046763464182123474,0.0,0.0,0.0,0.0,0.0,0.11070201462966234,0.0,0.0,0.0,0.0,0.0,0.0,0.035725679053161964,0.0,0.0,0.0,0.0,0.0,0.0,0.0,0.025591606497387485,0.03874043791914294,0.049368949026138725,0.0,0.0,0.0,0.0,0.0,0.0,0.0,0.0
94163,0.0,0.0,0.0,0.0,0.0,0.0,0.0,0.0,0.0,0.0,0.0,0.0,0.0,0.04658857961144509,0.0,0.0,0.0,0.0,0.0,0.0,0.0,0.0,0.0,0.0,0.0,0.0,0.0,0.0,0.0,0.0,0.0,0.0,0.0,0.0,0.0,0.0,0.0,0.0,0.0,0.0,0.0,0.0,0.0,0.0,0.0,0.0,0.0,0.0,0.0,0.0,0.0,0.0,0.0,0.0,0.0,0.0,0.0,0.0,0.0,0.0,0.0,0.0,0.0,0.0,0.0,0.0,0.0,0.0,0.0,0.0,0.0,0.0,0.0,0.0,0.0,0.0,0.0,0.13357408169139834,0.13357408169139834,0.05177971136476213,0.13357408169139834,0.13357408169139834,0.13357408169139834,0.0,0.0,0.0,0.0,0.0,0.0,0.0,0.0,0.07434996338028746,0.0,0.0,0.0,0.0,0.0,0.0,0.0,0.0,0.0,0.0,0.0,0.0,0.0,0.0,0.0,0.0,0.0,0.0,0.0,0.0,0.0,0.0,0.0,0.0,0.2368356730842417,0.0,0.0,0.0,0.0,0.0,0.0,0.24594051167811443,0.0625176284833425,0.0,0.0,0.0,0.0,0.0,0.0,0.0,0.0,0.0,0.0,0.0,0.0,0.0,0.06381789127743272,1.0,0.04161142706351181,0.04161142706351181,0.04161142706351181,0.04161142706351181,0.04161142706351181,0.0,0.0,0.0,0.0,0.0,0.0,0.0,0.0,0.0,0.0,0.0,0.0,0.0,0.0,0.0,0.0,0.0,0.0,0.0,0.0,0.0,0.0,0.25473437763235873,0.0,0.0,0.0,0.0,0.08848132264031708,0.06652749381710968,0.0,0.0,0.0,0.1479545782357517,0.0,0.0,0.0,0.08256378414507295,0.0,0.0,0.0,0.0,0.0,0.0,0.0,0.0,0.0,0.0,0.0,0.0,0.0,0.0,0.0,0.0,0.0,0.0,0.0,0.0,0.0,0.0,0.0,0.0,0.0,0.0,0.0,0.0,0.1136252625733788,0.0,0.0,0.0,0.0,0.0,0.0,0.0,0.0,0.0
780851,0.0,0.0,0.06606606540921649,0.04276351538453289,0.0,0.0663360659666472,0.0,0.016948562793081965,0.03896892250594965,0.022859656664749078,0.0,0.009959699138023179,0.04427471940480454,0.021971583507196413,0.019790551915205016,0.019741907292888865,0.012004890098102088,0.0,0.04506153969872785,0.02105174594556588,0.0,0.016485819870266805,0.014964612730815402,0.0,0.0,0.024059655281726485,0.024059655281726485,0.025164748005553184,0.027415824102751972,0.05253768139060526,0.0,0.0,0.0,0.0,0.0,0.0,0.0,0.0,0.0,0.0,0.0,0.0,0.0,0.0,0.0,0.0,0.0,0.0,0.03264145216271063,0.0,0.0,0.0,0.0,0.0,0.0,0.0,0.0,0.05624988839071129,0.0,0.0,0.0,0.0,0.0,0.1755087381118804,0.17523192866761708,0.1755087381118804,0.17523192866761708,0.1755087381118804,0.17523192866761708,0.16242746748209122,0.02551910187830518,0.15416349788890382,0.04885249752523142,0.1755087381118804,0.1755087381118804,0.14210063134453682,0.022861511402226628,0.02916923038868602,0.02916923038868602,0.013568895119630279,0.02916923038868602,0.02916923038868602,0.02916923038868602,0.0,0.0,0.021717379670890682,0.030531134475737083,0.0,0.0,0.0,0.0,0.018589190597148093,0.0,0.0,0.013966197155480746,0.01884034191173696,0.0,0.0,0.0,0.0,0.0,0.0,0.0,0.0,0.041353201385303635,0.0,0.0566419964847782,0.03716902082144167,0.02176138570624024,0.041468503179674696,0.0,0.0,0.05707451051344239,0.02562302200266371,0.029666199824333224,0.0,0.0,0.16409384900170076,0.0,0.0,0.11212912366675376,0.0,0.06850039378549966,0.0,0.016410224063057696,0.02310582429438986,0.0,0.0,0.0,0.019920610786140686,0.025549355869042136,0.0,0.0,0.0,0.0,0.06090343768274919,0.03660480878680371,0.0,0.15227592711699434,0.04161142706351181,1.0,0.7857142857142857,0.7857142857142857,1.0,0.7857142857142857,0.15143269928046943,0.0,0.012595889568869001,0.02252417726352717,0.0,0.0,0.0,0.0,0.0,0.0,0.03602449646137765,0.0,0.023001459396453917,0.02959216352781323,0.0,0.0,0.0,0.0,0.0,0.0,0.0,0.0,0.0,0.036889532477246294,0.0,0.0,0.0,0.022388916489623253,0.016962774160111552,0.06119784538483708,0.06119784538483708,0.0,0.03227284068168707,0.0,0.10986245912588771,0.10986245912588771,0.06592075102018113,0.0,0.0,0.025231608261379743,0.0,0.0,0.0,0.0,0.0,0.0,0.0,0.0,0.027062898925752303,0.0,0.03239193640335148,0.0758256621252343,0.0,0.0,0.0,0.0,0.016409995708600245,0.017266662016130085,0.01213706337384184,0.0,0.0,0.0,0.0,0.0,0.025586843772803965,0.025199056775257054,0.0,0.06572406677297264,0.02509196013157649,0.03647711799705513,0.027062898925752303,0.021531668829213473,0.0,0.0,0.0
26851,0.0,0.0,0.06606606540921649,0.04276351538453289,0.0,0.0663360659666472,0.0,0.016948562793081965,0.03896892250594965,0.022859656664749078,0.0,0.009959699138023179,0.04427471940480454,0.021971583507196413,0.019790551915205016,0.019741907292888865,0.012004890098102088,0.0,0.033420250729189534,0.02105174594556588,0.0,0.016485819870266805,0.014964612730815402,0.0,0.0,0.024059655281726485,0.024059655281726485,0.025164748005553184,0.027415824102751972,0.05253768139060526,0.0,0.0,0.0,0.0,0.0,0.05684572064065183,0.0,0.041318497459625805,0.0,0.02509196013157649,0.0,0.0,0.05624988839071129,0.0,0.0,0.0,0.0,0.0,0.03264145216271063,0.0,0.0,0.0,0.0,0.0,0.0,0.0,0.0,0.05624988839071129,0.0,0.0,0.0,0.0,0.0,0.1755087381118804,0.17523192866761708,0.1755087381118804,0.17523192866761708,0.1755087381118804,0.17523192866761708,0.16242746748209122,0.02551910187830518,0.15416349788890382,0.04885249752523142,0.1755087381118804,0.1755087381118804,0.14210063134453682,0.022861511402226628,0.02916923038868602,0.02916923038868602,0.013568895119630279,0.02916923038868602,0.02916923038868602,0.02916923038868602,0.0,0.0,0.021717379670890682,0.030531134475737083,0.0,0.0,0.0,0.0,0.018589190597148093,0.0,0.0,0.013966197155480746,0.01884034191173696,0.0,0.0,0.025368219912296295,0.0,0.0,0.0,0.0,0.0,0.02025773950203253,0.0,0.0566419964847782,0.018245428062937122,0.02176138570624024,0.0,0.0,0.0,0.03733929959322882,0.02562302200266371,0.029666199824333224,0.0,0.0,0.16409384900170076,0.0,0.0,0.11212912366675376,0.0,0.021836269234264353,0.0,0.016410224063057696,0.02310582429438986,0.0,0.0,0.0,0.040651014612437454,0.025549355869042136,0.0,0.0,0.0,0.0,0.06090343768274919,0.0,0.0,0.15227592711699434,0.04161142706351181,0.7857142857142857,1.0,1.0,0.7857142857142857,1.0,0.15143269928046943,0.0,0.0,0.0,0.0,0.0,0.0,0.0,0.0,0.0,0.03602449646137765,0.0,0.023001459396453917,0.02959216352781323,0.0,0.0,0.0,0.0,0.0,0.0,0.0,0.0,0.0,0.056374105921502944,0.0,0.0,0.0,0.022388916489623253,0.016962774160111552,0.06119784538483708,0.06119784538483708,0.0,0.03227284068168707,0.0,0.10986245912588771,0.10986245912588771,0.06592075102018113,0.0,0.0,0.025231608261379743,0.0,0.0,0.0,0.0,0.0,0.0,0.0,0.0,0.027062898925752303,0.0,0.0,0.0758256621252343,0.0,0.0,0.0,0.0,0.0,0.017266662016130085,0.024572363075577013,0.0,0.0,0.0,0.021403694678721823,0.0,0.012631817713204829,0.025199056775257054,0.0,0.06572406677297264,0.02509196013157649,0.03647711799705513,0.027062898925752303,0.021531668829213473,0.0,0.0,0.0
780852,0.0,0.0,0.06606606540921649,0.04276351538453289,0.0,0.0663360659666472,0.0,0.016948562793081965,0.03896892250594965,0.022859656664749078,0.0,0.009959699138023179,0.04427471940480454,0.021971583507196413,0.019790551915205016,0.019741907292888865,0.012004890098102088,0.0,0.033420250729189534,0.02105174594556588,0.0,0.016485819870266805,0.014964612730815402,0.0,0.0,0.024059655281726485,0.024059655281726485,0.025164748005553184,0.027415824102751972,0.05253768139060526,0.0,0.0,0.0,0.0,0.0,0.05684572064065183,0.0,0.041318497459625805,0.0,0.02509196013157649,0.0,0.0,0.05624988839071129,0.0,0.0,0.0,0.0,0.0,0.03264145216271063,0.0,0.0,0.0,0.0,0.0,0.0,0.0,0.0,0.05624988839071129,0.0,0.0,0.0,0.0,0.0,0.1755087381118804,0.17523192866761708,0.1755087381118804,0.17523192866761708,0.1755087381118804,0.17523192866761708,0.16242746748209122,0.02551910187830518,0.15416349788890382,0.04885249752523142,0.1755087381118804,0.1755087381118804,0.14210063134453682,0.022861511402226628,0.02916923038868602,0.02916923038868602,0.013568895119630279,0.02916923038868602,0.02916923038868602,0.02916923038868602,0.0,0.0,0.021717379670890682,0.030531134475737083,0.0,0.0,0.0,0.0,0.018589190597148093,0.0,0.0,0.013966197155480746,0.01884034191173696,0.0,0.0,0.025368219912296295,0.0,0.0,0.0,0.0,0.0,0.02025773950203253,0.0,0.0566419964847782,0.018245428062937122,0.02176138570624024,0.0,0.0,0.0,0.03733929959322882,0.02562302200266371,0.029666199824333224,0.0,0.0,0.16409384900170076,0.0,0.0,0.11212912366675376,0.0,0.021836269234264353,0.0,0.016410224063057696,0.02310582429438986,0.0,0.0,0.0,0.040651014612437454,0.025549355869042136,0.0,0.0,0.0,0.0,0.06090343768274919,0.0,0.0,0.15227592711699434,0.04161142706351181,0.7857142857142857,1.0,1.0,0.7857142857142857,1.0,0.15143269928046943,0.0,0.0,0.0,0.0,0.0,0.0,0.0,0.0,0.0,0.03602449646137765,0.0,0.023001459396453917,0.02959216352781323,0.0,0.0,0.0,0.0,0.0,0.0,0.0,0.0,0.0,0.056374105921502944,0.0,0.0,0.0,0.022388916489623253,0.016962774160111552,0.06119784538483708,0.06119784538483708,0.0,0.03227284068168707,0.0,0.10986245912588771,0.10986245912588771,0.06592075102018113,0.0,0.0,0.025231608261379743,0.0,0.0,0.0,0.0,0.0,0.0,0.0,0.0,0.027062898925752303,0.0,0.0,0.0758256621252343,0.0,0.0,0.0,0.0,0.0,0.017266662016130085,0.024572363075577013,0.0,0.0,0.0,0.021403694678721823,0.0,0.012631817713204829,0.025199056775257054,0.0,0.06572406677297264,0.02509196013157649,0.03647711799705513,0.027062898925752303,0.021531668829213473,0.0,0.0,0.0
780853,0.0,0.0,0.06606606540921649,0.04276351538453289,0.0,0.0663360659666472,0.0,0.016948562793081965,0.03896892250594965,0.022859656664749078,0.0,0.009959699138023179,0.04427471940480454,0.021971583507196413,0.019790551915205016,0.019741907292888865,0.012004890098102088,0.0,0.04506153969872785,0.02105174594556588,0.0,0.016485819870266805,0.014964612730815402,0.0,0.0,0.024059655281726485,0.024059655281726485,0.025164748005553184,0.027415824102751972,0.05253768139060526,0.0,0.0,0.0,0.0,0.0,0.0,0.0,0.0,0.0,0.0,0.0,0.0,0.0,0.0,0.0,0.0,0.0,0.0,0.03264145216271063,0.0,0.0,0.0,0.0,0.0,0.0,0.0,0.0,0.05624988839071129,0.0,0.0,0.0,0.0,0.0,0.1755087381118804,0.17523192866761708,0.1755087381118804,0.17523192866761708,0.1755087381118804,0.17523192866761708,0.16242746748209122,0.02551910187830518,0.15416349788890382,0.04885249752523142,0.1755087381118804,0.1755087381118804,0.14210063134453682,0.022861511402226628,0.02916923038868602,0.02916923038868602,0.013568895119630279,0.02916923038868602,0.02916923038868602,0.02916923038868602,0.0,0.0,0.021717379670890682,0.030531134475737083,0.0,0.0,0.0,0.0,0.018589190597148093,0.0,0.0,0.013966197155480746,0.01884034191173696,0.0,0.0,0.0,0.0,0.0,0.0,0.0,0.0,0.041353201385303635,0.0,0.0566419964847782,0.03716902082144167,0.02176138570624024,0.041468503179674696,0.0,0.0,0.05707451051344239,0.02562302200266371,0.029666199824333224,0.0,0.0,0.16409384900170076,0.0,0.0,0.11212912366675376,0.0,0.06850039378549966,0.0,0.016410224063057696,0.02310582429438986,0.0,0.0,0.0,0.019920610786140686,0.025549355869042136,0.0,0.0,0.0,0.0,0.06090343768274919,0.03660480878680371,0.0,0.15227592711699434,0.04161142706351181,1.0,0.7857142857142857,0.7857142857142857,1.0,0.7857142857142857,0.15143269928046943,0.0,0.012595889568869001,0.02252417726352717,0.0,0.0,0.0,0.0,0.0,0.0,0.03602449646137765,0.0,0.023001459396453917,0.02959216352781323,0.0,0.0,0.0,0.0,0.0,0.0,0.0,0.0,0.0,0.036889532477246294,0.0,0.0,0.0,0.022388916489623253,0.016962774160111552,0.06119784538483708,0.06119784538483708,0.0,0.03227284068168707,0.0,0.10986245912588771,0.10986245912588771,0.06592075102018113,0.0,0.0,0.025231608261379743,0.0,0.0,0.0,0.0,0.0,0.0,0.0,0.0,0.027062898925752303,0.0,0.03239193640335148,0.0758256621252343,0.0,0.0,0.0,0.0,0.016409995708600245,0.017266662016130085,0.01213706337384184,0.0,0.0,0.0,0.0,0.0,0.025586843772803965,0.025199056775257054,0.0,0.06572406677297264,0.02509196013157649,0.03647711799705513,0.027062898925752303,0.021531668829213473,0.0,0.0,0.0
780854,0.0,0.0,0.06606606540921649,0.04276351538453289,0.0,0.0663360659666472,0.0,0.016948562793081965,0.03896892250594965,0.022859656664749078,0.0,0.009959699138023179,0.04427471940480454,0.021971583507196413,0.019790551915205016,0.019741907292888865,0.012004890098102088,0.0,0.033420250729189534,0.02105174594556588,0.0,0.016485819870266805,0.014964612730815402,0.0,0.0,0.024059655281726485,0.024059655281726485,0.025164748005553184,0.027415824102751972,0.05253768139060526,0.0,0.0,0.0,0.0,0.0,0.05684572064065183,0.0,0.041318497459625805,0.0,0.02509196013157649,0.0,0.0,0.05624988839071129,0.0,0.0,0.0,0.0,0.0,0.03264145216271063,0.0,0.0,0.0,0.0,0.0,0.0,0.0,0.0,0.05624988839071129,0.0,0.0,0.0,0.0,0.0,0.1755087381118804,0.17523192866761708,0.1755087381118804,0.17523192866761708,0.1755087381118804,0.17523192866761708,0.16242746748209122,0.02551910187830518,0.15416349788890382,0.04885249752523142,0.1755087381118804,0.1755087381118804,0.14210063134453682,0.022861511402226628,0.02916923038868602,0.02916923038868602,0.013568895119630279,0.02916923038868602,0.02916923038868602,0.02916923038868602,0.0,0.0,0.021717379670890682,0.030531134475737083,0.0,0.0,0.0,0.0,0.018589190597148093,0.0,0.0,0.013966197155480746,0.01884034191173696,0.0,0.0,0.025368219912296295,0.0,0.0,0.0,0.0,0.0,0.02025773950203253,0.0,0.0566419964847782,0.018245428062937122,0.02176138570624024,0.0,0.0,0.0,0.03733929959322882,0.02562302200266371,0.029666199824333224,0.0,0.0,0.16409384900170076,0.0,0.0,0.11212912366675376,0.0,0.021836269234264353,0.0,0.016410224063057696,0.02310582429438986,0.0,0.0,0.0,0.040651014612437454,0.025549355869042136,0.0,0.0,0.0,0.0,0.06090343768274919,0.0,0.0,0.15227592711699434,0.04161142706351181,0.7857142857142857,1.0,1.0,0.7857142857142857,1.0,0.15143269928046943,0.0,0.0,0.0,0.0,0.0,0.0,0.0,0.0,0.0,0.03602449646137765,0.0,0.023001459396453917,0.02959216352781323,0.0,0.0,0.0,0.0,0.0,0.0,0.0,0.0,0.0,0.056374105921502944,0.0,0.0,0.0,0.022388916489623253,0.016962774160111552,0.06119784538483708,0.06119784538483708,0.0,0.03227284068168707,0.0,0.10986245912588771,0.10986245912588771,0.06592075102018113,0.0,0.0,0.025231608261379743,0.0,0.0,0.0,0.0,0.0,0.0,0.0,0.0,0.027062898925752303,0.0,0.0,0.0758256621252343,0.0,0.0,0.0,0.0,0.0,0.017266662016130085,0.024572363075577013,0.0,0.0,0.0,0.021403694678721823,0.0,0.012631817713204829,0.025199056775257054,0.0,0.06572406677297264,0.02509196013157649,0.03647711799705513,0.027062898925752303,0.021531668829213473,0.0,0.0,0.0
26843,0.0,0.0,0.0,0.1122275116884838,0.0762458074370246,0.041624175130022235,0.0,0.0,0.07691263914414852,0.04545454545454546,0.0,0.018074548182453562,0.09348333696351642,0.0,0.0,0.0,0.0,0.0,0.0,0.041481926187771176,0.0,0.03135689017198792,0.02847308172061964,0.0,0.0,0.045766278846582804,0.045766278846582804,0.04733538871724463,0.0,0.04887585532746822,0.03300824135577833,0.0,0.0,0.0,0.0,0.0,0.08282421657649294,0.0,0.0,0.0,0.0,0.0,0.0,0.0,0.0,0.0,0.0,0.0,0.0,0.0,0.0,0.0,0.0,0.0,0.0,0.0,0.0,0.12068893885238202,0.0,0.0,0.0,0.0,0.0,0.048517761466324145,0.04837945304406768,0.048517761466324145,0.04837945304406768,0.048517761466324145,0.04837945304406768,0.04497538663137047,0.0,0.0526658571469151,0.0,0.048517761466324145,0.048517761466324145,0.048517761466324145,0.0,0.0,0.0,0.0,0.0,0.0,0.0,0.0,0.0,0.0,0.027113242235157417,0.0,0.0,0.0,0.0,0.034505457328292646,0.0,0.0,0.0,0.03518307135705651,0.0,0.0,0.0,0.0,0.0,0.0,0.0,0.0,0.0,0.0,0.11481982981944636,0.035599930868267356,0.0,0.0,0.0,0.0,0.0,0.0,0.0,0.03760704261658947,0.0,0.15417445049516396,0.0,0.0,0.023524010123659102,0.0,0.0,0.0,0.0,0.042928012213271145,0.0,0.0,0.0,0.03689423091456527,0.0,0.0,0.0,0.0,0.0,0.0,0.0,0.0,0.0,0.0,0.15143269928046943,0.15143269928046943,0.15143269928046943,0.15143269928046943,0.15143269928046943,1.0,0.0,0.0,0.0,0.0,0.0,0.10603993651828476,0.12068893885238202,0.1125092984918041,0.0,0.0,0.0,0.0,0.0,0.037001320341293796,0.04341692290152329,0.0,0.0,0.0,0.0,0.0,0.0,0.0,0.0,0.0,0.0,0.0,0.0,0.0,0.05696595927447507,0.05696595927447507,0.0,0.0,0.0,0.03760704261658947,0.03760704261658947,0.038614128045967824,0.0,0.0,0.0,0.0,0.0,0.0,0.0,0.0,0.0,0.0,0.0,0.0,0.0,0.0,0.07157008591375923,0.0,0.0,0.0,0.0,0.0,0.0,0.0,0.0,0.07145806477634255,0.0,0.0,0.0,0.0,0.0,0.0,0.06309770546194482,0.0,0.03455959183041904,0.0,0.0,0.0,0.0,0.05244777707830963
26810,0.0,0.0,0.0,0.0,0.0,0.0,0.0,0.0,0.0,0.0,0.0,0.0,0.0,0.0,0.0,0.0,0.0,0.0,0.0,0.0,0.0,0.0,0.07217929777024881,0.0,0.0,0.0,0.0,0.0,0.0,0.0,0.07761914911753438,0.0,0.0,0.0,0.0,0.0,0.0,0.0,0.0,0.0,0.0,0.0,0.0,0.0,0.0,0.0,0.0,0.0,0.0,0.0,0.0,0.0,0.0,0.0,0.0,0.0,0.0,0.0,0.0,0.0,0.0,0.0,0.0,0.0,0.0,0.0,0.0,0.0,0.0,0.0,0.0,0.0,0.0,0.0,0.0,0.0,0.0,0.0,0.0,0.0,0.0,0.0,0.0,0.0,0.0,0.0,0.0,0.0,0.0,0.0,0.0,0.0,0.0,0.0,0.0,0.0,0.0,0.0,0.0,0.0,0.0,0.0,0.0,0.0,0.0,0.0,0.0,0.0,0.0,0.0,0.0,0.0,0.0,0.0,0.0,0.0,0.0,0.0,0.0,0.0,0.0,0.06875737453971145,0.0,0.0,0.0,0.0,0.0,0.0,0.0,0.0,0.0,0.0,0.0,0.0,0.0,0.0,0.0,0.0,0.0,0.0,0.0,0.0,0.0,0.0,0.0,0.0,1.0,0.0,0.0,0.0,0.0,0.0,0.0,0.0,0.0,0.0,0.0,0.0,0.0,0.0,0.0,0.0,0.0,0.0,0.0,0.0,0.3303628391583752,0.0,0.07479782474968019,0.0,0.0,0.15967292188006235,0.09554122536307491,0.07219998314902497,0.0,0.0,0.0,0.17963997741894644,0.0,0.0,0.0,0.0,0.0,0.0,0.1175280038018295,0.0,0.0,0.0,0.0,0.0,0.0,0.0,0.0,0.0,0.0,0.0,0.0,0.0,0.0,0.0,0.0,0.0,0.0,0.0,0.0,0.0,0.037652617458964824,0.0,0.046268209301395954,0.0,0.0,0.0,0.0,0.0,0.0,0.0,0.0,0.0,0.0,0.0
26809,0.0,0.06695440762695659,0.0,0.0398206365453039,0.0,0.0,0.08879038406213823,0.021079596146244686,0.0,0.0,0.09755962734433926,0.0,0.02536392170963142,0.050434004759542364,0.09661380082547308,0.04551635300548464,0.0,0.0,0.0,0.022422878471841035,0.01633644890445971,0.0,0.03822187932777902,0.0,0.03488480612268216,0.10206952795047641,0.10206952795047641,0.0,0.0,0.0,0.0,0.0,0.0,0.0,0.09037457884653499,0.0,0.0,0.0,0.0,0.0,0.0,0.0,0.0,0.0,0.0,0.0,0.0,0.0,0.0,0.0,0.0,0.0,0.0,0.0,0.0,0.0,0.0,0.0,0.0,0.0,0.0,0.0,0.0,0.0,0.0,0.0,0.0,0.0,0.0,0.0,0.0,0.0,0.0,0.0,0.0,0.0,0.16530263142104276,0.06678229612299504,0.06678229612299504,0.13054211341627966,0.06678229612299504,0.06678229612299504,0.06678229612299504,0.06824166155777212,0.05890881811723343,0.16198457064026373,0.0,0.0,0.0,0.0,0.0,0.028219121304227688,0.1326618323577401,0.03491034058135637,0.0722791519291731,0.0,0.0,0.0,0.0,0.0,0.0,0.0,0.0,0.0,0.0,0.0,0.0,0.0,0.0,0.09453234017492369,0.0,0.04686654916886739,0.0,0.03127859126896719,0.0,0.030281848239593855,0.0,0.0,0.0,0.0,0.0401016539680341,0.0,0.11010001473578647,0.0,0.0,0.0,0.0,0.0,0.0,0.0,0.0,0.0,0.0,0.0,0.0,0.0,0.0,0.0,0.0,0.0,0.012595889568869001,0.0,0.0,0.012595889568869001,0.0,0.0,0.0,1.0,0.5601219822100945,0.0,0.0,0.0,0.0,0.0,0.09785304862918086,0.0,0.0,0.0,0.0,0.10902552112729252,0.0,0.0,0.018352077128871797,0.03738197324926784,0.0,0.0,0.0,0.0,0.0,0.0,0.0,0.0,0.0,0.02734405912663487,0.0,0.0,0.0,0.0,0.0,0.0,0.0,0.11564056569706949,0.0,0.0,0.0,0.0,0.0,0.0,0.0,0.0,0.0,0.0,0.04065499943397457,0.0,0.0,0.03738317757009346,0.0,0.09217780078199089,0.03200000000000001,0.0,0.0,0.09578718330184316,0.026627814802861728,0.022919946114418926,0.0,0.0,0.0,0.0,0.0,0.06512665962808918,0.0,0.0,0.0,0.036498970948131274,0.0,0.0,0.0,0.020098959680395077,0.0,0.0
26808,0.0,0.08191477901134019,0.0,0.06844189382978885,0.0,0.0,0.0,0.0,0.0,0.0,0.09450085602730432,0.0,0.026070512547855255,0.0,0.13893302652191877,0.04204871327946855,0.0,0.0,0.0,0.043454655981525,0.030905541947875433,0.0,0.06961344630817547,0.0,0.0,0.0,0.0,0.0,0.0,0.0,0.0,0.0,0.0,0.0,0.0,0.0,0.0,0.0,0.0,0.0,0.0,0.0,0.0,0.0,0.0,0.0,0.0,0.0,0.0,0.0,0.0,0.0,0.0,0.0,0.0,0.0,0.0,0.0,0.0,0.0,0.0,0.0,0.0,0.0,0.0,0.0,0.0,0.0,0.0,0.0,0.0,0.0,0.0,0.0,0.0,0.0,0.11053576442676179,0.0,0.0,0.07447525618379584,0.0,0.0,0.0,0.0,0.0,0.10656645069209628,0.0,0.0,0.0,0.0,0.0,0.0,0.09769583033334228,0.0,0.11639181563623702,0.0,0.0,0.0,0.0,0.0,0.0,0.0,0.0,0.0,0.0,0.0,0.0,0.0,0.0,0.1942342562786196,0.0,0.0,0.0,0.0,0.0,0.0,0.0,0.0,0.0,0.0,0.06573721609311249,0.0,0.05549880958492358,0.0,0.0,0.0,0.0,0.0,0.0,0.0,0.0,0.0,0.0,0.0,0.0,0.0,0.0,0.0,0.0,0.0,0.02252417726352717,0.0,0.0,0.02252417726352717,0.0,0.0,0.0,0.5601219822100945,1.0,0.0,0.0,0.0,0.0,0.0,0.0,0.0,0.0,0.0,0.0,0.0,0.0,0.0,0.0,0.0,0.0,0.0,0.0,0.0,0.0,0.0,0.0,0.0,0.0,0.0,0.0,0.0,0.0,0.0,0.0,0.0,0.0,0.055597464220741674,0.0,0.0,0.0,0.0,0.0,0.0,0.0,0.0,0.0,0.0,0.0,0.0,0.0,0.07086601723846385,0.0,0.0776622655068413,0.0,0.0,0.0,0.04454923741628058,0.043314879609848055,0.033230800940623306,0.0,0.0,0.0,0.0,0.0,0.10435079205532938,0.0,0.0,0.0,0.06171132500021456,0.0,0.0,0.0,0.0,0.0,0.0
26807,0.0,0.0,0.0,0.025056738023676618,0.0,0.0,0.0,0.0,0.0,0.0,0.0,0.043157261559249586,0.05322669679797053,0.016116495762048454,0.0,0.029585983288057803,0.0,0.03039314096056346,0.0,0.0,0.0,0.0,0.0,0.0,0.0,0.0,0.0,0.0,0.0,0.0,0.0,0.0,0.0,0.0,0.0,0.0,0.0,0.0,0.0,0.0,0.0,0.0,0.0,0.0,0.0,0.0,0.0,0.0,0.0,0.0,0.0,0.0,0.0,0.0,0.0,0.0,0.0,0.0,0.0,0.0,0.0,0.0,0.0,0.0,0.0,0.0,0.0,0.0,0.0,0.0,0.0,0.0,0.0,0.0,0.0,0.0,0.0,0.0,0.0,0.0,0.0,0.0,0.0,0.0,0.0,0.0,0.0,0.0,0.0,0.0,0.0,0.035851154082438635,0.037508243141521916,0.0,0.0,0.0,0.0,0.0,0.03845529452567729,0.0,0.0,0.0404218825929443,0.04181238165100052,0.0,0.03839743794049458,0.0,0.0,0.02686535282614282,0.03667404652468599,0.0,0.0,0.0,0.0,0.0,0.0,0.0,0.0,0.0,0.0,0.04066154589283013,0.024839450077707402,0.0,0.0,0.05108318888733179,0.07639733107108332,0.0,0.0,0.0,0.0,0.0,0.0,0.0,0.0,0.0,0.0,0.0,0.0,0.0,0.0,0.0,0.0,0.0,0.0,0.0,0.0,0.0,0.0,0.0,0.0,1.0,0.0,0.0,0.0,0.0,0.0,0.0,0.0,0.0,0.0,0.0,0.0,0.11299467968806938,0.0,0.0,0.0,0.06512695719544373,0.0,0.0,0.0,0.0,0.0,0.0,0.0,0.0,0.0,0.0,0.0,0.0,0.0,0.03858330122235808,0.03858330122235808,0.0,0.0,0.0,0.0,0.0,0.0,0.0,0.0,0.0,0.0,0.0,0.0,0.0,0.1785884951984008,0.0,0.0,0.0,0.0,0.0,0.0,0.0,0.06978406945274836,0.027846615354056126,0.0,0.0,0.0,0.0,0.0,0.0,0.0,0.0,0.0,0.0,0.0,0.04941631086828291,0.04388199820005648,0.0,0.0,0.0
26806,0.0,0.0,0.0,0.0,0.0,0.0,0.0,0.0,0.0,0.0,0.0,0.0,0.0,0.0,0.0,0.0,0.0,0.0,0.0,0.11929843910744355,0.0,0.0,0.0,0.0,0.10255395564453264,0.0,0.0,0.0,0.0,0.0,0.0,0.0,0.0,0.0,0.0,0.0,0.0,0.0,0.0,0.0,0.0,0.0,0.0,0.0,0.0,0.0,0.0,0.0,0.0,0.0,0.0,0.0,0.0,0.0,0.0,0.0,0.0,0.0,0.0,0.0,0.0,0.0,0.0,0.0,0.0,0.0,0.0,0.0,0.0,0.0,0.0,0.0,0.0,0.0,0.0,0.0,0.0,0.0,0.0,0.0,0.0,0.0,0.0,0.0,0.0,0.0,0.0,0.0,0.0,0.0,0.0,0.0,0.0,0.0,0.0,0.09203508009431584,0.0,0.0,0.0,0.0,0.0,0.0,0.0,0.0,0.0,0.0,0.0,0.0,0.0,0.0,0.0,0.0,0.0848207551458527,0.0,0.0,0.0,0.0,0.0,0.0,0.0,0.0,0.0,0.0,0.0,0.0,0.0,0.0,0.0,0.0,0.0,0.0,0.0,0.0,0.0,0.0,0.0,0.0,0.0,0.0,0.0,0.0,0.0,0.0,0.0,0.0,0.0,0.0,0.0,0.0,0.0,1.0,0.0,0.0,0.0,0.0,0.0,0.0,0.0,0.0,0.0,0.0,0.0,0.0,0.0,0.0,0.0,0.0,0.0,0.0,0.0,0.0,0.0,0.0,0.0,0.0,0.0,0.0,0.0,0.0,0.0,0.0,0.0,0.0,0.0,0.0,0.0,0.0,0.4483964573172419,0.0,0.0,0.0,0.0,0.0,0.0,0.0,0.0,0.0,0.0,0.0,0.0,0.0,0.0,0.0,0.0,0.0,0.0,0.0,0.0,0.0,0.0,0.0,0.0,0.0,0.0,0.0,0.0,0.0,0.0,0.0,0.0
26805,0.0,0.0,0.0,0.0,0.0,0.0,0.0,0.0,0.0,0.0,0.0,0.0,0.0,0.0,0.0,0.0,0.0,0.0,0.0,0.0,0.0,0.0,0.0,0.0,0.0,0.0,0.0,0.0,0.0,0.0,0.0,0.0,0.0,0.0,0.0,0.0,0.0,0.0,0.0,0.0,0.0,0.0,0.0,0.0,0.0,0.0,0.0,0.0,0.0,0.0,0.0,0.0,0.0,0.0,0.0,0.0,0.0,0.0,0.0,0.0,0.0,0.0,0.0,0.0,0.0,0.0,0.0,0.0,0.0,0.0,0.0,0.0,0.0,0.0,0.0,0.0,0.0,0.0,0.0,0.0,0.0,0.0,0.0,0.0,0.0,0.0,0.0,0.0,0.0,0.0,0.0,0.0,0.0,0.0,0.0,0.0,0.0,0.0,0.0,0.0,0.0,0.0,0.0,0.0,0.0,0.0,0.0,0.0,0.0,0.0,0.0,0.0,0.0,0.0,0.0,0.0,0.0,0.0,0.0,0.0,0.0,0.0,0.0,0.0,0.0,0.0,0.0,0.0,0.0,0.08138971579652206,0.0,0.0,0.0,0.0,0.0,0.0,0.0,0.0,0.0,0.0,0.0,0.0,0.0,0.0,0.0,0.10603993651828476,0.0,0.0,0.0,0.0,0.0,1.0,0.9685879060744639,0.9937892819971765,0.0,0.0,0.0,0.0,0.0,0.0,0.0,0.0,0.0,0.0,0.0,0.0,0.0,0.0,0.0,0.0,0.0,0.0,0.0,0.0,0.0,0.0,0.0,0.0,0.0,0.0,0.0,0.0,0.0,0.0,0.0,0.0,0.0,0.0,0.0,0.0,0.0,0.0,0.0,0.0,0.0,0.0,0.0,0.0,0.0,0.0,0.0,0.0,0.0,0.0,0.0,0.0,0.0,0.0,0.0,0.0,0.0,0.0,0.0,0.0,0.0,0.0,0.0,0.0,0.0,0.13656248151532713
26804,0.0,0.0,0.0,0.0,0.0,0.0,0.0,0.0,0.0,0.0,0.0,0.0,0.0,0.0,0.0,0.0,0.0,0.0,0.0,0.0,0.0,0.0,0.0,0.0,0.0,0.0,0.0,0.0,0.0,0.0,0.0,0.0,0.0,0.0,0.0,0.0,0.0,0.0,0.0,0.0,0.0,0.0,0.0,0.0,0.0,0.0,0.0,0.0,0.0,0.0,0.0,0.0,0.0,0.0,0.0,0.0,0.0,0.0,0.0,0.0,0.0,0.0,0.0,0.0,0.0,0.0,0.0,0.0,0.0,0.0,0.0,0.0,0.0,0.0,0.0,0.0,0.0,0.0,0.0,0.0,0.0,0.0,0.0,0.0,0.0,0.0,0.0,0.0,0.0,0.0,0.0,0.0,0.0,0.0,0.0,0.0,0.0,0.0,0.0,0.0,0.0,0.0,0.0,0.0,0.0,0.0,0.0,0.0,0.0,0.0,0.0,0.0,0.0,0.0,0.0,0.0,0.0,0.0,0.0,0.0,0.0,0.0,0.0,0.0,0.0,0.0,0.0,0.0,0.0,0.09567473619405786,0.0,0.0,0.0,0.0,0.0,0.0,0.0,0.0,0.0,0.0,0.0,0.0,0.0,0.0,0.0,0.12068893885238202,0.0,0.0,0.0,0.0,0.0,0.9685879060744639,1.0,0.9899312069050566,0.0,0.0,0.0,0.0,0.0,0.0,0.0,0.0,0.0,0.0,0.0,0.0,0.0,0.0,0.0,0.0,0.0,0.0,0.0,0.0,0.0,0.0,0.0,0.0,0.0,0.0,0.0,0.0,0.0,0.0,0.0,0.0,0.0,0.0,0.0,0.0,0.0,0.0,0.0,0.0,0.0,0.0,0.0,0.0,0.0,0.0,0.0,0.0,0.0,0.0,0.0,0.0,0.0,0.0,0.0,0.0,0.0,0.0,0.0,0.0,0.0,0.0,0.0,0.0,0.0,0.15882905371745654
692085,0.0,0.0,0.0,0.0,0.0,0.0,0.0,0.0,0.0,0.0,0.0,0.0,0.0,0.0,0.0,0.0,0.0,0.0,0.0,0.0,0.0,0.0,0.0,0.0,0.0,0.0,0.0,0.0,0.0,0.0,0.0,0.0,0.0,0.0,0.0,0.0,0.0,0.0,0.0,0.0,0.0,0.0,0.0,0.0,0.0,0.0,0.0,0.0,0.0,0.0,0.0,0.0,0.0,0.0,0.0,0.0,0.0,0.0,0.0,0.0,0.0,0.0,0.0,0.0,0.0,0.0,0.0,0.0,0.0,0.0,0.0,0.0,0.0,0.0,0.0,0.0,0.0,0.0,0.0,0.0,0.0,0.0,0.0,0.0,0.0,0.0,0.0,0.0,0.0,0.0,0.0,0.0,0.0,0.0,0.0,0.0,0.0,0.0,0.0,0.0,0.0,0.0,0.0,0.0,0.0,0.0,0.0,0.0,0.0,0.0,0.0,0.0,0.0,0.0,0.0,0.0,0.0,0.0,0.0,0.0,0.0,0.0,0.0,0.0,0.0,0.0,0.0,0.0,0.0,0.08748042378150185,0.0,0.0,0.0,0.0,0.0,0.0,0.0,0.0,0.0,0.0,0.0,0.0,0.0,0.0,0.0,0.1125092984918041,0.0,0.0,0.0,0.0,0.0,0.9937892819971765,0.9899312069050566,1.0,0.0,0.0,0.0,0.0,0.0,0.0,0.0,0.0,0.0,0.0,0.0,0.0,0.0,0.0,0.0,0.0,0.0,0.0,0.0,0.0,0.0,0.0,0.0,0.0,0.0,0.0,0.0,0.0,0.0,0.0,0.0,0.0,0.0,0.0,0.0,0.0,0.0,0.0,0.0,0.0,0.0,0.0,0.0,0.0,0.0,0.0,0.0,0.0,0.0,0.0,0.0,0.0,0.0,0.0,0.0,0.0,0.0,0.0,0.0,0.0,0.0,0.0,0.0,0.0,0.0,0.14618964577058852
94161,0.06289207716502017,0.049396076611525196,0.0,0.0,0.0,0.0,0.13616296979435782,0.04605623789999277,0.0,0.0,0.1406109954730915,0.0,0.04322649418467586,0.1706705870404746,0.0,0.05531332603517809,0.0,0.0,0.0,0.0,0.0,0.044565106228577525,0.0,0.0,0.05579382442647006,0.0,0.0,0.14391242805311696,0.0,0.0,0.0,0.0,0.0,0.0,0.03791132719108306,0.0,0.0,0.0,0.0,0.0,0.0,0.0,0.0,0.0,0.0,0.0,0.0,0.0,0.0,0.0,0.0,0.0,0.0,0.0,0.0,0.0,0.0,0.0,0.0,0.0,0.0,0.0,0.0,0.0,0.0,0.0,0.0,0.0,0.0,0.0,0.0,0.0,0.0,0.0,0.0,0.0,0.0,0.0,0.0,0.0,0.0,0.0,0.0,0.0,0.0,0.0,0.12189278434092884,0.0,0.0,0.0,0.0,0.0,0.045117046896211224,0.09216801806637417,0.03564141316017055,0.0,0.0,0.0,0.0,0.0,0.0,0.0,0.0,0.0,0.0,0.0,0.0,0.0,0.0,0.0,0.0,0.0,0.0,0.07103177342589277,0.0,0.05298145472979183,0.0,0.0,0.0,0.0,0.0,0.0,0.12081336870433469,0.0,0.0,0.0,0.0,0.0,0.0,0.0,0.0,0.0,0.0,0.0,0.0,0.0,0.0,0.0,0.0,0.0,0.0,0.0,0.0,0.0,0.0,0.0,0.0,0.09785304862918086,0.0,0.0,0.0,0.0,0.0,0.0,1.0,0.0,0.0,0.0,0.0,0.0,0.0,0.0,0.01702487831923068,0.06561469632412571,0.0,0.0,0.0,0.0,0.0,0.0,0.0,0.0,0.0,0.043661801027188224,0.0,0.0,0.0,0.0,0.0,0.0,0.0,0.05404371371056789,0.0,0.0,0.0,0.0,0.0,0.0,0.0,0.0,0.0,0.0,0.1496325918037162,0.0,0.0,0.0,0.0,0.0,0.055003098661756754,0.0,0.0,0.0,0.0,0.0,0.0,0.0,0.0,0.0,0.0,0.0,0.0,0.0,0.0,0.06677310291829751,0.0,0.0,0.0,0.09741518434975206,0.0,0.0
26802,0.0,0.0,0.0,0.0,0.04599053807530367,0.0,0.0,0.0,0.0,0.0,0.0,0.0,0.0,0.04012158427708248,0.0,0.0,0.0,0.0,0.0,0.0,0.0,0.0,0.0,0.0,0.0,0.0,0.0,0.0,0.0,0.0,0.0,0.0,0.0,0.0,0.0,0.0,0.0,0.0,0.0,0.0,0.0,0.0,0.0,0.0,0.0,0.0,0.0,0.0,0.0,0.0,0.0,0.0,0.0,0.0,0.0,0.0,0.0,0.0,0.0,0.0,0.0,0.0,0.0,0.0,0.0,0.0,0.0,0.0,0.0,0.0,0.0,0.0,0.0,0.0,0.0,0.0,0.0,0.0,0.0,0.0,0.0,0.0,0.0,0.0,0.0,0.0,0.04954360424595905,0.0,0.0,0.0,0.0,0.0,0.0,0.0,0.0,0.0,0.0,0.0,0.0,0.0,0.0,0.0,0.0,0.0,0.07096208057277145,0.0,0.0,0.0,0.0,0.0,0.0,0.0,0.0,0.0,0.0,0.0,0.0,0.0,0.0,0.0,0.0,0.0,0.0,0.0,0.0,0.0,0.0,0.0,0.0,0.0,0.0,0.0,0.0,0.0,0.0,0.24354038640364586,0.0,0.0,0.0,0.0,0.03602449646137765,0.03602449646137765,0.03602449646137765,0.03602449646137765,0.03602449646137765,0.0,0.0,0.0,0.0,0.0,0.0,0.0,0.0,0.0,0.0,1.0,0.0,0.0,0.0,0.0,0.0,0.0,0.0,0.0,0.0,0.0,0.0,0.0,0.0,0.0,0.0,0.0,0.0,0.0,0.0,0.0,0.0,0.0,0.0,0.0,0.0,0.0,0.0,0.0,0.0,0.0,0.0,0.0,0.0,0.0,0.0,0.0,0.0,0.0,0.0,0.0,0.0,0.0,0.0,0.0,0.0,0.0,0.0,0.0,0.0,0.0,0.0,0.0,0.0,0.0,0.0,0.0,0.0,0.0,0.0,0.0,0.0,0.0,0.0,0.0
26801,0.0,0.0,0.0,0.0,0.0,0.0,0.0,0.0,0.0,0.0,0.0,0.05056449045363704,0.0,0.0,0.0,0.0,0.0,0.0,0.0,0.0,0.0,0.0,0.030318169276860988,0.0,0.0,0.0,0.0,0.0,0.0,0.0,0.0,0.0,0.0,0.0,0.0,0.0,0.0,0.0,0.0,0.0,0.0,0.0,0.0,0.0,0.0,0.0,0.0,0.0,0.0,0.0,0.0,0.0,0.0,0.0,0.0,0.0,0.0,0.0,0.0,0.0,0.0,0.0,0.0,0.0,0.0,0.0,0.0,0.0,0.0,0.0,0.0,0.0,0.0,0.0,0.0,0.0,0.0,0.0,0.0,0.0,0.0,0.0,0.0,0.0,0.0,0.0,0.0,0.0,0.0,0.0,0.0,0.0,0.0,0.0,0.0,0.0,0.0,0.0,0.0,0.0,0.0,0.0,0.0,0.0,0.0,0.0,0.03362621938139948,0.0,0.0,0.0,0.0,0.0,0.0,0.0,0.0,0.0,0.0,0.0,0.0,0.0,0.0,0.07507343152611945,0.0,0.0,0.0,0.0,0.0,0.0,0.06132553684944047,0.09845071003744764,0.0,0.0,0.0,0.0,0.0,0.0,0.0,0.0,0.0,0.0,0.0,0.0,0.0,0.0,0.0,0.0,0.0,0.0,0.0,0.0,0.0,0.0,0.0,0.0,0.0,0.0,1.0,0.0,0.0,0.0,0.0,0.0,0.0,0.0,0.0,0.0,0.0,0.0,0.0,0.0,0.0,0.0,0.0,0.0,0.0,0.0,0.0,0.0,0.0,0.0,0.0,0.0,0.0,0.0,0.0,0.0,0.0,0.0,0.0,0.0,0.0,0.0,0.0,0.0,0.0,0.0,0.0,0.0,0.0,0.0,0.0,0.0,0.04027663601828256,0.031939816667786065,0.0,0.0,0.0,0.028542245828921436,0.13552586749589707,0.0,0.0,0.0,0.0,0.0,0.0,0.0,0.0,0.0,0.0,0.0
26800,0.0,0.0,0.0,0.0,0.0,0.0,0.0,0.0,0.0,0.048081897840741995,0.0,0.0,0.0,0.0,0.0,0.0,0.0,0.0,0.0,0.0,0.0,0.0,0.0,0.0,0.0,0.0,0.0,0.0,0.0,0.0,0.0,0.0,0.0,0.0,0.0,0.0,0.0,0.0,0.0,0.0,0.0,0.0,0.0,0.0,0.0,0.0,0.0,0.0,0.0,0.0,0.0,0.0,0.0,0.0,0.0,0.0,0.0,0.0,0.0,0.0,0.0,0.0,0.0,0.0,0.0,0.0,0.0,0.0,0.0,0.0,0.0,0.0,0.0,0.0,0.0,0.0,0.0,0.0,0.0,0.0,0.0,0.0,0.0,0.0,0.0,0.0,0.0,0.0,0.0,0.0,0.0,0.0,0.0,0.0,0.035928221786575364,0.0,0.0,0.0,0.0,0.0,0.0,0.0,0.0,0.0,0.0,0.0,0.0,0.039605087017922744,0.10754434247964627,0.0,0.0,0.0,0.04815486813932037,0.0,0.0,0.0,0.0,0.0,0.0,0.0,0.06596688566874837,0.0,0.0,0.0,0.0,0.0,0.0,0.0,0.0,0.0,0.0,0.0,0.0,0.0,0.0,0.0,0.0,0.0,0.0,0.0,0.023001459396453917,0.023001459396453917,0.023001459396453917,0.023001459396453917,0.023001459396453917,0.0,0.0,0.0,0.0,0.0,0.0,0.0,0.0,0.0,0.0,0.0,0.0,1.0,0.5856164508136824,0.0527090121047466,0.0,0.0,0.0,0.0,0.0,0.0,0.0,0.0,0.0,0.0,0.0,0.0,0.0,0.0,0.0,0.0,0.0,0.0,0.0,0.0,0.0,0.0,0.0,0.0,0.0,0.0,0.0,0.0,0.0,0.0,0.0,0.0,0.0,0.0,0.06711418312581809,0.0,0.0,0.0,0.0,0.0,0.0,0.0,0.0,0.0,0.0,0.0,0.0,0.0,0.0,0.06707441898918838,0.05529208544621385,0.0,0.0,0.0,0.0,0.0,0.0,0.03794484380789892,0.0,0.0
692087,0.0,0.0,0.0,0.0,0.0,0.0,0.0,0.0,0.0,0.0,0.0,0.0,0.0,0.0,0.0,0.0,0.0,0.0,0.0,0.0,0.0,0.0,0.0,0.0,0.0,0.0,0.0,0.0,0.0,0.0,0.0,0.0,0.0,0.0,0.0,0.0,0.0,0.0,0.0,0.0,0.0,0.0,0.0,0.0,0.0,0.0,0.0,0.0,0.0,0.0,0.0,0.0,0.0,0.0,0.0,0.0,0.0,0.0,0.0,0.0,0.0,0.0,0.0,0.0,0.0,0.0,0.0,0.0,0.0,0.0,0.0,0.0,0.0,0.0,0.0,0.0,0.0,0.0,0.0,0.0,0.0,0.0,0.0,0.0,0.0,0.0,0.0,0.0,0.0,0.0,0.0,0.0,0.0,0.0,0.04877682218324663,0.0,0.0,0.0,0.0,0.0,0.0,0.0,0.0,0.0,0.0,0.0,0.0,0.050074504623929705,0.06655268597271924,0.0,0.0,0.0,0.0,0.0,0.0,0.0,0.0,0.0,0.0,0.0,0.08938230496871669,0.0,0.0,0.0,0.0,0.0,0.0,0.0,0.0,0.0,0.0,0.0,0.0,0.0,0.0,0.0,0.0,0.0,0.0,0.0,0.02959216352781323,0.02959216352781323,0.02959216352781323,0.02959216352781323,0.02959216352781323,0.0,0.0,0.0,0.0,0.0,0.0,0.0,0.0,0.0,0.0,0.0,0.0,0.5856164508136824,1.0,0.07219995941464497,0.0,0.0,0.0,0.0,0.0,0.0,0.0,0.0,0.0,0.0,0.0,0.0,0.0,0.0,0.0,0.0,0.0,0.0,0.0,0.0,0.0,0.0,0.0,0.0,0.0,0.0,0.0,0.0,0.0,0.0,0.0,0.0,0.0,0.0,0.09201262115450726,0.0,0.0,0.0,0.0,0.0,0.0,0.0,0.0,0.0,0.0,0.0,0.0,0.0,0.0,0.09207951112624088,0.0,0.0,0.0,0.0,0.0,0.0,0.0,0.0,0.0,0.0
26773,0.0,0.0,0.0,0.0,0.02447409990138746,0.0,0.03249057502909509,0.033970252281942184,0.036715756017371995,0.0,0.0,0.02351686223682906,0.0,0.0,0.0,0.0,0.0,0.0,0.0,0.0,0.0,0.0,0.0,0.0,0.0,0.1676739337670618,0.1676739337670618,0.0,0.0,0.0,0.04026527077380881,0.0,0.0,0.0,0.12175091483228578,0.0,0.0,0.07763474016884366,0.0,0.0,0.0,0.062205416574886666,0.0,0.0,0.0,0.0,0.0658624475085606,0.0,0.0658624475085606,0.0,0.0703625608821187,0.07346316403420343,0.0,0.0,0.0,0.0,0.0,0.0,0.0,0.0,0.0703625608821187,0.0,0.0,0.0,0.0,0.0,0.0,0.0,0.0,0.0,0.0,0.0,0.0,0.0,0.0,0.0,0.09810376249310687,0.11676444682004389,0.11676444682004389,0.06699228796690776,0.11676444682004389,0.11676444682004389,0.11676444682004389,0.2782478880617272,0.1321771412807589,0.09471990453905055,0.0,0.0,0.0,0.0,0.0,0.04162110242968828,0.0,0.0,0.0,0.0,0.0,0.0,0.0,0.0,0.0,0.0,0.0,0.04649791422774155,0.0,0.0,0.0,0.0,0.04473282431997524,0.0,0.0,0.08050959087864414,0.0,0.0,0.0,0.0,0.0,0.0,0.0,0.0,0.0,0.0,0.0,0.0,0.0,0.0,0.0,0.0,0.0,0.0,0.05354066790077857,0.0,0.0,0.0,0.0,0.0,0.0,0.0,0.0,0.0,0.0,0.0,0.0,0.0,0.0,0.037001320341293796,0.0,0.10902552112729252,0.0,0.0,0.0,0.0,0.0,0.0,0.0,0.0,0.0,0.0527090121047466,0.07219995941464497,1.0,0.4265186578397105,0.0,0.0,0.0,0.0,0.0,0.0,0.0,0.0,0.0,0.0,0.0,0.0,0.0,0.0,0.0,0.0,0.0,0.0,0.0,0.0,0.0,0.0,0.0,0.0,0.0,0.0,0.0,0.0,0.0,0.0,0.0,0.0,0.0,0.0,0.0,0.0,0.06928140421014102,0.0,0.0,0.0,0.08385811354933224,0.0,0.0,0.0,0.0,0.0,0.0,0.0,0.029319891924383192,0.0,0.0,0.0,0.0,0.0,0.0,0.0,0.0,0.0,0.0
26772,0.0,0.0,0.0,0.0,0.028571991817535766,0.04660239706484615,0.0,0.03937066825752297,0.0431561158015994,0.0,0.0,0.025723595357605662,0.0,0.0,0.0,0.044192273389264194,0.0,0.0,0.0,0.0,0.0,0.0,0.0,0.0,0.0,0.0,0.0,0.0,0.0,0.0,0.04495522283227033,0.0,0.0,0.0,0.04051386339927556,0.0,0.0,0.09306673999818331,0.0,0.0,0.0,0.15434688430123253,0.0,0.0,0.0,0.0,0.07692307692307693,0.0,0.07692307692307693,0.0,0.08333333333333333,0.08875978880703242,0.0,0.0,0.0,0.0,0.0,0.0,0.0,0.0,0.08333333333333333,0.0,0.0,0.0,0.0,0.0,0.0,0.0,0.0,0.0,0.0,0.0,0.0,0.0,0.0,0.0,0.0,0.0,0.0,0.0,0.0,0.0,0.0,0.14831073333261308,0.044698250914492164,0.0,0.0,0.0,0.0,0.0,0.0,0.0,0.0,0.0,0.0,0.0,0.0,0.0,0.0,0.0,0.0,0.0,0.0,0.05271281002459163,0.0,0.0,0.0,0.0,0.05159696491153844,0.0,0.0,0.0,0.10052911945388644,0.0,0.0,0.0,0.0,0.0,0.0,0.0,0.0,0.0,0.0,0.0,0.0,0.0,0.0,0.0,0.0,0.0,0.061535541575890626,0.0,0.0,0.048465306083764974,0.0,0.0,0.0,0.06722889639244435,0.0,0.0,0.0,0.0,0.0,0.0,0.0,0.04341692290152329,0.0,0.0,0.0,0.0,0.0,0.0,0.0,0.0,0.0,0.0,0.0,0.0,0.0,0.4265186578397105,1.0,0.0,0.0,0.0,0.0,0.0,0.0,0.0,0.0,0.0,0.0,0.0,0.0,0.0,0.0,0.0,0.0,0.0,0.0,0.0,0.0,0.0,0.0,0.0,0.0,0.0,0.0,0.0,0.0,0.0,0.0,0.0,0.0,0.0,0.0,0.0,0.0,0.0,0.0,0.0,0.0,0.0,0.0,0.0,0.0,0.0,0.0,0.02857165385995206,0.03125033689337034,0.0,0.0,0.0,0.07110532636814319,0.0,0.0,0.0,0.0,0.0,0.0,0.0
692072,0.0,0.0,0.0,0.0,0.0,0.0,0.0,0.0,0.0,0.0,0.0,0.0,0.0,0.0,0.0,0.06536422354012021,0.0,0.0,0.0,0.0,0.0,0.0,0.0,0.0,0.0,0.0,0.0,0.0,0.0,0.0,0.0,0.0,0.0,0.0,0.0,0.0,0.0,0.0,0.0,0.0,0.0,0.0,0.0,0.0,0.0,0.0,0.0,0.0,0.0,0.0,0.0,0.0,0.0,0.0,0.0,0.0,0.0,0.0,0.0,0.0,0.0,0.0,0.0,0.0,0.0,0.0,0.0,0.0,0.0,0.0,0.0,0.0,0.0,0.0,0.0,0.0,0.0,0.0,0.0,0.0,0.0,0.0,0.0,0.0,0.0,0.0,0.0,0.0,0.0,0.0,0.0,0.0,0.0,0.0,0.0,0.0,0.0,0.0,0.08505622340166884,0.0,0.0,0.0,0.0,0.0,0.0,0.0,0.0,0.0,0.0,0.0,0.0,0.0,0.0,0.0,0.0,0.0,0.0,0.0,0.0,0.0,0.0,0.0,0.0,0.0,0.0,0.0,0.0,0.0,0.0,0.0,0.0,0.0,0.0,0.0,0.0,0.0,0.0,0.0,0.0,0.0,0.0,0.0,0.0,0.0,0.0,0.0,0.0,0.0,0.0,0.11299467968806938,0.0,0.0,0.0,0.0,0.0,0.0,0.0,0.0,0.0,0.0,0.0,1.0,0.0,0.0,0.0,0.0,0.0,0.0,0.0,0.0,0.0,0.0,0.0,0.0,0.0,0.0,0.0,0.0,0.0,0.0,0.0,0.0,0.0,0.0,0.0,0.0,0.0,0.0,0.0,0.0,0.0,0.0,0.0,0.0,0.08547978543557083,0.0,0.0,0.0,0.0,0.0,0.0,0.0,0.0,0.039120838622017366,0.0,0.0,0.0,0.0,0.0,0.0,0.0,0.0,0.0,0.0,0.0,0.09065462887201306,0.07104517121695596,0.0,0.0,0.0
26799,0.08059660610739468,0.0,0.0,0.0,0.0,0.0,0.0,0.011930631838216972,0.0,0.0,0.0,0.0,0.0,0.11275900805731102,0.0,0.0,0.0,0.0,0.0,0.01241867718996926,0.0,0.0,0.0,0.0,0.04193724388725961,0.0,0.0,0.0,0.0,0.0,0.0,0.0,0.0,0.12176664822593952,0.0,0.0,0.0,0.0,0.0,0.0,0.0,0.0,0.0,0.0,0.0,0.0,0.0,0.0,0.0,0.0,0.0,0.0,0.0,0.0,0.0,0.0,0.0,0.0,0.0,0.0,0.0,0.0,0.0,0.0,0.0,0.0,0.0,0.0,0.0,0.0,0.0,0.0,0.0,0.0,0.0,0.0,0.016531309256568486,0.0,0.0,0.3626922494614063,0.0,0.0,0.0,0.0,0.2500922366918874,0.016325954516899627,0.0,0.0,0.0,0.0,0.0,0.0,0.0,0.019293562536683868,0.0,0.0,0.0,0.0,0.0,0.0,0.0,0.0,0.0,0.0,0.0,0.0,0.0,0.0,0.0,0.0,0.0,0.0,0.0,0.017573506627645268,0.0,0.0,0.0,0.0,0.0,0.0,0.0,0.0,0.0,0.0,0.0,0.0,0.0,0.0,0.0,0.0,0.0,0.0,0.0,0.0,0.0,0.0,0.0,0.0,0.0,0.0,0.0,0.0,0.0,0.0,0.0,0.0,0.0,0.018352077128871797,0.0,0.0,0.0,0.0,0.0,0.0,0.01702487831923068,0.0,0.0,0.0,0.0,0.0,0.0,0.0,1.0,0.04430655716465796,0.0,0.0,0.0,0.0,0.0,0.0,0.34450922038029663,0.0,0.0,0.0,0.0,0.0,0.0,0.0,0.0,0.0,0.0,0.0,0.0,0.0,0.0,0.0,0.0,0.0,0.0,0.0,0.0,0.0,0.1927899318697234,0.0,0.0,0.0,0.0,0.0,0.0,0.0,0.0,0.0,0.015586574641386896,0.0,0.0,0.0,0.0,0.0,0.0,0.012372506103127711,0.0,0.0,0.0,0.0,0.0,0.0,0.0,0.0,0.0,0.0
692088,0.0,0.043816238455742874,0.0,0.0,0.0,0.0,0.08250945852884677,0.0,0.0,0.0,0.0,0.0,0.030547131398739127,0.21211781814873176,0.0,0.09925490037450659,0.0,0.0,0.0,0.0,0.11216888221028254,0.0,0.0,0.0,0.05892106166709221,0.0,0.0,0.0,0.0,0.06537200117438212,0.0,0.0,0.0,0.0,0.0,0.0,0.0,0.0,0.0,0.0,0.0,0.0,0.0,0.0,0.0,0.0,0.0,0.0,0.0,0.0,0.0,0.0,0.0,0.0,0.0,0.0,0.0,0.0,0.0,0.0,0.0,0.0,0.0,0.0,0.0,0.0,0.0,0.0,0.0,0.0,0.1409387856600711,0.0,0.0,0.0,0.0,0.0,0.0,0.0,0.0,0.0,0.0,0.0,0.0,0.0,0.04745660138403615,0.0,0.0,0.0,0.0,0.0,0.0,0.049582464090667244,0.0,0.0767059297841988,0.07894771116863229,0.0,0.0,0.0,0.0,0.0,0.0,0.0,0.0,0.0,0.0,0.0,0.0,0.0,0.0,0.0,0.0,0.0,0.0,0.06382978723404255,0.0,0.0537751215141536,0.0,0.0,0.18847962309840374,0.0,0.07021301544855225,0.0,0.0,0.0,0.09695481543724732,0.0,0.0,0.0,0.0,0.0,0.0,0.0,0.0,0.0,0.0,0.0,0.0,0.15422936277714352,0.0,0.0,0.0,0.0,0.0,0.0,0.0,0.0,0.0,0.03738197324926784,0.0,0.0,0.0,0.0,0.0,0.0,0.06561469632412571,0.0,0.0,0.0,0.0,0.0,0.0,0.0,0.04430655716465796,1.0,0.0,0.0,0.0,0.0,0.0,0.0,0.0,0.0,0.0,0.09649584558695633,0.0,0.0,0.0,0.0,0.0,0.0,0.0,0.0,0.0,0.0,0.0,0.0,0.0,0.0,0.0,0.0,0.0,0.0,0.07156801584568974,0.0,0.0,0.0,0.0,0.08494193145363386,0.11929796992497282,0.0,0.0,0.046237134737183105,0.04620561853019849,0.0,0.0,0.19371668685747734,0.0,0.0,0.0,0.07100759089153824,0.0,0.0,0.0,0.0,0.0,0.0,0.0,0.0,0.0,0.07017013926426789
26798,0.0,0.0,0.0,0.0,0.0,0.0,0.0,0.0,0.0,0.0,0.0,0.0,0.0,0.0,0.0,0.0,0.0,0.0,0.0,0.0,0.0,0.0,0.0,0.0,0.0,0.0,0.0,0.0,0.0,0.0,0.0,0.0,0.0,0.0,0.0,0.0,0.0,0.0,0.0,0.0,0.0,0.0,0.0,,,0.0,0.0,0.0,0.0,0.0,0.0,0.0,,0.0,,0.0,,0.0,,,0.0,0.0,,0.0,0.0,0.0,0.0,0.0,0.0,0.0,0.0,0.0,0.0,0.0,0.0,0.0,0.0,0.0,0.0,0.0,0.0,0.0,0.0,0.0,0.0,0.0,0.0,0.0,0.0,,0.0,0.0,0.0,0.0,0.0,0.0,0.0,0.0,0.0,0.0,0.0,0.0,0.0,0.0,0.0,0.0,0.0,0.0,0.0,0.0,0.0,0.0,0.0,0.0,0.0,0.0,0.0,0.0,0.0,0.0,0.0,0.0,0.0,0.0,0.0,0.0,0.0,,0.0,0.0,0.0,0.0,0.0,0.0,0.0,0.0,0.0,0.0,0.0,0.0,0.0,0.0,0.0,0.0,0.0,0.0,0.0,0.0,0.0,0.0,0.0,0.0,0.0,0.0,0.0,0.0,0.0,0.0,0.0,0.0,0.0,0.0,0.0,0.0,,0.0,0.0,0.0,0.0,0.0,0.0,0.0,0.0,0.0,0.0,0.0,0.0,0.0,0.0,0.0,0.0,0.0,,0.0,0.0,0.0,0.0,0.0,0.0,0.0,0.0,,0.0,0.0,0.0,0.0,0.0,0.0,0.0,0.0,,0.0,0.0,0.0,0.0,0.0,0.0,0.0,0.0,0.0,0.0,0.0,0.0,0.0,0.0,0.0,0.0,0.0,0.0,0.0
26797,0.0,0.0,0.0,0.12157400242997186,0.0,0.0,0.0,0.0,0.0,0.0,0.0,0.0,0.0,0.0,0.0,0.0,0.0,0.0,0.0,0.0,0.0,0.0,0.0,0.0,0.0,0.0,0.0,0.0,0.0,0.0,0.0,0.0,0.0,0.0,0.06027092834805955,0.0,0.0,0.0,0.0,0.0,0.0,0.0,0.0,0.0,0.0,0.0,0.0,0.0,0.0,0.0,0.0,0.0,0.0,0.0,0.0,0.0,0.0,0.0,0.0,0.0,0.0,0.0,0.0,0.0,0.0,0.0,0.0,0.0,0.0,0.0,0.0,0.0,0.0,0.0,0.0,0.0,0.0,0.0,0.0,0.0,0.0,0.0,0.0,0.0,0.0,0.0,0.0,0.0,0.0,0.0,0.0,0.0,0.0,0.0,0.0,0.0,0.0,0.0,0.0,0.0,0.0,0.0,0.0,0.0,0.08471967621545488,0.10980741670474121,0.0,0.0,0.0,0.0,0.0,0.0,0.0,0.0,0.0,0.0,0.0,0.0,0.0,0.0,0.0,0.0,0.0,0.2559555331254076,0.0,0.0,0.0,0.0,0.0,0.0,0.0,0.0,0.0,0.0,0.0,0.0,0.0,0.0,0.0,0.0,0.0,0.0,0.0,0.0,0.0,0.0,0.0,0.0,0.0,0.06512695719544373,0.0,0.0,0.0,0.0,0.0,0.0,0.0,0.0,0.0,0.0,0.0,0.0,0.0,0.0,0.0,1.0,0.0,0.0,0.0,0.0,0.0,0.0,0.0,0.0,0.0,0.0,0.0,0.0,0.0,0.0,0.0,0.0,0.0,0.0,0.0,0.0,0.0,0.0,0.0,0.0,0.0,0.0,0.0,0.0,0.0,0.0,0.0,0.0,0.0,0.0,0.0,0.0,0.0,0.04783103999911506,0.0,0.0,0.0,0.0,0.0,0.0,0.0,0.0,0.0,0.0,0.0,0.0,0.0891848762641379,0.0,0.0,0.0
26796,0.0,0.0,0.11389097347126577,0.0,0.0,0.0,0.0,0.0,0.0,0.0,0.0,0.0,0.0,0.0,0.0,0.0,0.0,0.0,0.0,0.0,0.0,0.0,0.0,0.0,0.0,0.0,0.0,0.0,0.0,0.0,0.0,0.0,0.0,0.0,0.0,0.0,0.0,0.0,0.0,0.0,0.0,0.0,0.0,0.0,0.0,0.0,0.0,0.0,0.0,0.0,0.0,0.0,0.0,0.0,0.0,0.0,0.0,0.0,0.0,0.0,0.0,0.0,0.0,0.0,0.0,0.0,0.0,0.0,0.0,0.0,0.0,0.0,0.0,0.0,0.0,0.0,0.0,0.0,0.0,0.0,0.0,0.0,0.0,0.0,0.0,0.0,0.0,0.0,0.0,0.0,0.0,0.0,0.0,0.0,0.0,0.0,0.0,0.0,0.0,0.0,0.0,0.0,0.0,0.0,0.0,0.0,0.0,0.0,0.0,0.0,0.0,0.0,0.0,0.12426460722714991,0.0,0.0,0.0,0.0,0.0,0.0,0.0,0.06218474712362195,0.0,0.0,0.0,0.0,0.0,0.0,0.0,0.0,0.0,0.0,0.0,0.0,0.0,0.0,0.0,0.0,0.0,0.0,0.0,0.0,0.0,0.0,0.0,0.0,0.3303628391583752,0.0,0.0,0.0,0.0,0.0,0.0,0.0,0.0,0.0,0.0,0.0,0.0,0.0,0.0,0.0,0.0,0.0,0.0,0.0,1.0,0.0,0.0,0.0,0.0,0.14865162847845492,0.08740316454045967,0.06635863526226457,0.0,0.0,0.0,0.17192465418643924,0.0,0.0,0.0,0.0,0.0,0.0,0.10904402612257029,0.0,0.0,0.0,0.0,0.0,0.0,0.0,0.0,0.0,0.0,0.0,0.0,0.0,0.0,0.0,0.0,0.0,0.0,0.0,0.0,0.0,0.03413931781745703,0.0,0.04212723791144237,0.0,0.0,0.0,0.0,0.0,0.0,0.0,0.0,0.0,0.0,0.0
26795,0.0,0.0,0.0,0.0,0.0,0.0,0.0,0.0,0.0,0.0,0.0,0.0,0.0,0.0,0.10703907465269406,0.0,0.0,0.0,0.0,0.0,0.0,0.0,0.0,0.0,0.0,0.0,0.0,0.0,0.0,0.0,0.0,0.0,0.0,0.0,0.0,0.0,0.0,0.0,0.0,0.0,0.0,0.0,0.0,0.0,0.0,0.0,0.0,0.0,0.0,0.0,0.0,0.0,0.0,0.0,0.0,0.0,0.0,0.0,0.0,0.0,0.0,0.0,0.0,0.0,0.0,0.0,0.0,0.0,0.0,0.0,0.0,0.0,0.0,0.0,0.0,0.0,0.0,0.0,0.0,0.0,0.0,0.0,0.0,0.0,0.0,0.0,0.0,0.0,0.0,0.0,0.0,0.0,0.0,0.0,0.0,0.0,0.0,0.0,0.0,0.0,0.0,0.0,0.0,0.0,0.0,0.0,0.0,0.0,0.0,0.0,0.0,0.0,0.0,0.0,0.0,0.0,0.9377007198509619,0.0,0.0,0.0,0.0,0.0,0.0,0.13009980937165222,0.0,0.0,0.0,0.0,0.0,0.0,0.0,0.0,0.0,0.0,0.0,0.0,0.0,0.0,0.0,0.25473437763235873,0.0,0.0,0.0,0.0,0.0,0.0,0.0,0.0,0.0,0.0,0.0,0.0,0.0,0.0,0.0,0.0,0.0,0.0,0.0,0.0,0.0,0.0,0.0,0.0,0.0,0.0,0.0,1.0,0.0,0.0,0.0,0.0,0.0,0.0,0.0,0.0,0.0,0.0,0.0,0.0,0.0,0.0,0.0,0.0,0.0,0.0,0.0,0.0,0.0,0.0,0.0,0.0,0.0,0.0,0.0,0.0,0.0,0.0,0.0,0.0,0.0,0.0,0.0,0.0,0.0,0.0,0.0,0.0,0.0,0.0,0.0,0.0,0.0,0.0,0.0,0.0,0.0,0.0,0.0,0.0
26811,0.0,0.0,0.0,0.0,0.0,0.0,0.029288642197773877,0.09734233500549155,0.0,0.0,0.0,0.0,0.0,0.0,0.0,0.0,0.10508860488918959,0.0,0.0,0.0,0.0,0.0,0.0554935626460853,0.0,0.0,0.0,0.0,0.049815423456798305,0.0,0.0,0.03664610267171189,0.0,0.0,0.0,0.0,0.0,0.06862943758891432,0.0,0.0,0.0,0.0,0.05586626507730863,0.0,0.0,0.0,0.0,0.0,0.0,0.0588235294117647,0.0,0.0,0.0,0.0,0.0,0.0,0.0,0.0,0.0,0.0,0.0,0.0,0.0,0.0,0.0,0.0,0.0,0.0,0.0,0.0,0.0,0.0,0.0,0.0,0.0,0.0,0.0,0.0,0.0,0.0,0.0,0.0,0.0,0.0,0.0,0.0,0.0,0.0,0.0,0.0,0.0,0.0,0.0,0.0,0.0,0.0,0.0,0.0,0.04378902688201591,0.043296149806883705,0.0,0.0,0.0,0.0,0.0,0.0,0.0,0.0,0.0,0.0,0.0,0.0,0.0,0.0,0.0,0.0,0.0,0.0,0.0,0.0,0.0,0.0,0.0,0.0,0.0,0.0,0.0,0.0,0.0,0.0,0.0,0.0,0.0,0.0,0.039300344619729484,0.0,0.0,0.0,0.0,0.07977375117453375,0.0,0.036889532477246294,0.056374105921502944,0.056374105921502944,0.036889532477246294,0.056374105921502944,0.0,0.07479782474968019,0.0,0.0,0.0,0.0,0.0,0.0,0.0,0.0,0.0,0.0,0.0,0.0,0.0,0.0,0.0,0.0,0.0,0.0,0.0,0.0,0.0,1.0,0.0,0.0,0.0,0.0,0.0,0.11694080727209154,0.11694080727209154,0.0,0.0,0.0,0.0,0.0,0.0,0.0,0.0,0.0,0.0,0.0,0.05761376566084359,0.0,0.05320652713707998,0.0,0.0,0.0,0.17822801029184326,0.0,0.0,0.0,0.0,0.0,0.0,0.0,0.0,0.0,0.027803935964903773,0.0,0.0,0.0,0.0,0.0,0.0,0.0,0.0539955934251944,0.0,0.0,0.0,0.05310005827540964,0.04561670553223954,0.0,0.0,0.0
26793,0.0,0.0,0.0,0.0,0.0,0.0,0.0,0.0,0.0,0.0,0.0,0.0,0.0,0.0,0.0,0.0,0.1273909578307686,0.0,0.07311751021171073,0.0,0.1005984315208394,0.0,0.0,0.0,0.0,0.0,0.0,0.0,0.0,0.0,0.058927654960895595,0.0,0.0,0.0,0.0,0.0,0.0,0.0,0.0,0.0,0.0,0.0,0.0,0.0,0.0,0.0,0.0,0.0,0.0,0.0,0.0,0.0,0.0,0.0,0.0,0.0,0.0,0.0,0.0,0.0,0.0,0.0,0.0,0.0,0.0,0.0,0.0,0.0,0.0,0.0,0.0,0.0,0.0,0.0,0.0,0.0,0.0,0.0,0.0,0.0,0.0,0.0,0.0,0.0,0.0,0.0,0.0,0.0,0.0,0.0,0.0,0.0,0.058504936945692476,0.0,0.0,0.0,0.0,0.08494208494208494,0.0,0.0,0.0,0.0,0.0,0.0,0.0,0.0,0.0,0.0,0.0,0.0,0.0,0.0,0.0,0.0,0.0,0.0,0.0,0.0,0.0,0.0,0.0,0.0,0.0,0.0,0.0,0.0,0.0,0.0,0.0,0.0,0.0,0.0,0.0,0.0,0.0,0.0,0.0,0.0,0.0,0.0,0.0,0.0,0.0,0.0,0.0,0.0,0.0,0.0,0.0,0.0,0.0,0.0,0.0,0.0,0.0,0.0,0.0,0.0,0.0,0.0,0.0,0.0,0.0,0.0,0.0,0.0,0.0,0.0,0.0,1.0,0.0,0.0,0.0,0.0,0.0,0.0,0.0,0.0,0.0,0.0,0.0,0.0,0.0,0.0,0.0,0.0,0.0,0.0,0.0,0.0,0.08580097022185812,0.0,0.0,0.0,0.0,0.10989355168061539,0.12522247455662883,0.0,0.0,0.12500000000000003,0.0,0.05421293789762005,0.056975808195722386,0.039735099337748346,0.0,0.0,0.0,0.0,0.0,0.041303317459500576,0.0,0.0,0.0,0.0,0.0,0.0,0.0,0.0,0.0,0.0
26792,0.12903313692070625,0.035100930381895705,0.0,0.02968835258821212,0.0,0.03916195489831554,0.032490047210095754,0.033969661407750054,0.0,0.0,0.04002799440492925,0.0,0.0,0.1108496178107984,0.0,0.0,0.0,0.0,0.0,0.0,0.0,0.0,0.03007147728595596,0.0,0.04999932998100516,0.0,0.0,0.0,0.0,0.0,0.0,0.0,0.0,0.12801961900036476,0.0,0.0,0.0,0.0,0.0,0.0,0.0,0.062204364075717625,0.0,0.0,0.0,0.0,0.0,0.0,0.0,0.0,0.0,0.0,0.0,0.0,0.0,0.0,0.0,0.0,0.0,0.0,0.0,0.0,0.0,0.0,0.0,0.0,0.0,0.0,0.0,0.0,0.0,0.0,0.0,0.0,0.0,0.0,0.046757494189941164,0.0,0.0,0.3353667329694555,0.0,0.0,0.0,0.0,0.18436345992575984,0.0452176580849487,0.0,0.0,0.0,0.0,0.0,0.0,0.0,0.0,0.10409521899340608,0.0,0.0,0.0,0.0,0.0,0.0,0.0,0.0,0.0,0.0,0.0,0.033891686221419644,0.034155892153854686,0.0,0.0,0.0,0.0,0.0,0.0,0.0,0.09423034471417951,0.0,0.0,0.0,0.0,0.0,0.0,0.0,0.0,0.0,0.0,0.0,0.0,0.0,0.0,0.0,0.0,0.0,0.0,0.0,0.0,0.25867961287333135,0.0,0.0,0.0,0.0,0.0,0.0,0.0,0.0,0.0,0.0,0.0,0.0,0.0,0.0,0.0,0.0,0.0,0.0,0.0,0.0,0.0,0.0,0.0,0.0,0.0,0.34450922038029663,0.0,0.0,0.0,0.0,0.0,0.0,0.0,1.0,0.0,0.0,0.0,0.0,0.0,0.0,0.0,0.0,0.0,0.0,0.0,0.0,0.0,0.0,0.0,0.0,0.0,0.0,0.0,0.0,0.0,0.12765710639167588,0.0,0.0,0.0,0.0,0.0,0.0,0.0,0.0,0.0,0.0,0.0,0.0,0.0,0.0,0.0,0.0,0.0,0.0,0.0,0.0,0.0,0.0,0.0,0.0,0.0,0.0,0.0
26791,0.0,0.0,0.0,0.0,0.04037523451378223,0.0,0.0,0.05523459959904505,0.0,0.0,0.0,0.0,0.0,0.0,0.0,0.0,0.039951110615156486,0.06765761513368429,0.0,0.0,0.0,0.0,0.04862142716055934,0.0,0.0,0.0,0.0,0.0,0.0,0.0,0.0,0.0,0.0,0.1097288759542056,0.0,0.0,0.0,0.0,0.0,0.0,0.0,0.0,0.0,0.0,0.0,0.0,0.0,0.0,0.0,0.0,0.0,0.0,0.0,0.0,0.0,0.0,0.0,0.0,0.0,0.0,0.0,0.0,0.0,0.0,0.0,0.0,0.0,0.0,0.0,0.0,0.0,0.0,0.0,0.0,0.0,0.0,0.0,0.0,0.0,0.0,0.0,0.0,0.0,0.0,0.0,0.0,0.0,0.0,0.0,0.0,0.0,0.0,0.0,0.0,0.0,0.0,0.09975017053942202,0.08333358332108379,0.0,0.0,0.0,0.0,0.0,0.0,0.0,0.0,0.0,0.0,0.0,0.0,0.0,0.0,0.0,0.0,0.0,0.0,0.0,0.0,0.0,0.0845065780235384,0.0,0.06160616061606162,0.0,0.0,0.0,0.0,0.0,0.0,0.0,0.0,0.0,0.0718433356064245,0.0,0.0,0.0,0.0,0.0,0.0,0.0,0.0,0.0,0.0,0.0,0.0,0.0,0.0,0.15967292188006235,0.0,0.0,0.0,0.0,0.0,0.0,0.0,0.0,0.0,0.0,0.0,0.0,0.0,0.0,0.0,0.0,0.0,0.0,0.0,0.14865162847845492,0.0,0.0,0.0,0.0,1.0,0.5595585619304095,0.19509362877674272,0.0,0.0,0.0,0.10699643160926735,0.0,0.06831113556032067,0.06831113556032067,0.0,0.0,0.0,0.08563665457131633,0.0,0.0,0.0,0.0,0.0,0.0,0.0,0.0,0.0,0.0,0.0,0.0,0.0,0.0,0.0,0.0,0.0,0.0,0.0,0.0,0.0,0.10912131687851367,0.07536926428521093,0.13084855911667229,0.0,0.0,0.0,0.0,0.0,0.0,0.09214925890630567,0.07386394213871943,0.0,0.0,0.0
26790,0.0,0.0,0.0,0.0,0.02720735840859265,0.0,0.0,0.037787187848425656,0.0,0.0,0.0,0.0,0.0,0.022638632938466123,0.0,0.0,0.029679554324170077,0.043438914407840534,0.0,0.0,0.0,0.0,0.03343446589820638,0.0,0.055587296049707836,0.0,0.0,0.0,0.0,0.0,0.0,0.0,0.0,0.06723865016652493,0.04162181758356498,0.0,0.0,0.0,0.0,0.13112471318594582,0.0,0.0,0.0,0.0,0.0,0.0,0.0,0.0,0.0,0.0,0.0,0.0,0.0,0.0,0.0,0.0,0.0,0.0,0.0,0.0,0.0,0.0,0.0,0.0,0.0,0.0,0.0,0.0,0.0,0.0,0.0,0.0,0.0,0.0,0.0,0.0,0.05207318958641201,0.0615641195154425,0.0615641195154425,0.07456143840207607,0.0615641195154425,0.0615641195154425,0.0615641195154425,0.0,0.0,0.05033516165032535,0.0,0.0,0.0,0.0,0.0,0.15291563771615482,0.0,0.06702185501827618,0.0,0.0,0.06205959434260031,0.0548043341605546,0.0,0.0,0.0,0.0,0.0,0.0,0.0,0.060341904523437045,0.0,0.0,0.0,0.0,0.0,0.0900982152432019,0.0,0.0,0.0,0.0,0.0,0.0,0.0,0.05649469452266972,0.0,0.05046024656056159,0.0,0.0,0.09346151470026266,0.0,0.0,0.0,0.0,0.0,0.0,0.05555555555555556,0.0,0.0,0.0,0.0,0.0,0.0,0.04613175161362227,0.08848132264031708,0.022388916489623253,0.022388916489623253,0.022388916489623253,0.022388916489623253,0.022388916489623253,0.0,0.09554122536307491,0.0,0.0,0.0,0.0,0.0,0.0,0.0,0.0,0.0,0.0,0.0,0.0,0.0,0.0,0.0,0.0,0.0,0.0,0.0,0.08740316454045967,0.0,0.0,0.0,0.0,0.5595585619304095,1.0,0.1997698897589725,0.0,0.0,0.0,0.14905396231828763,0.0,0.05003076314556262,0.05003076314556262,0.05562467932411983,0.0,0.0,0.06116796820017025,0.0,0.0,0.0,0.0,0.0,0.0,0.0,0.06680453288169688,0.0,0.0,0.0,0.0,0.0,0.0,0.0,0.0,0.0,0.0,0.0,0.0,0.0,0.08880940591602565,0.060991999512162345,0.10295538802536802,0.0,0.05309790489246471,0.0,0.0,0.0,0.0,0.06553778614035975,0.055587296049707836,0.0,0.0,0.0
100124516,0.0,0.0,0.0,0.024744058919894053,0.02065417595099389,0.0,0.22720189542451538,0.02853217535802385,0.030982921814036203,0.0,0.03406471204421168,0.0,0.0620885473715015,0.11334291036517555,0.0,0.1811126550578712,0.0,0.033038164018692515,0.0,0.0,0.04777100544578973,0.028001670783802175,0.0,0.0,0.0,0.0,0.0,0.0,0.0,0.0,0.0,0.0,0.07467960884855444,0.05109057561520298,0.0,0.0,0.0,0.0,0.0,0.0,0.0,0.0,0.0,0.0,0.0,0.0,0.0,0.0,0.0,0.0,0.0,0.0,0.0,0.0,0.0,0.0,0.0,0.0,0.0,0.0,0.0,0.0,0.0,0.0,0.0,0.0,0.0,0.0,0.0,0.0,0.09378608246347948,0.0,0.0,0.0,0.0,0.0,0.0,0.04654810052955771,0.04654810052955771,0.026619229007401334,0.04654810052955771,0.04654810052955771,0.04654810052955771,0.0,0.0,0.0,0.0,0.0,0.0,0.0,0.0,0.07136449483492388,0.0,0.0,0.054971719294999485,0.0342394504614916,0.0,0.13541466659994963,0.0,0.0,0.0,0.0,0.043299398901341865,0.0,0.037210554819277264,0.0,0.0,0.028915027381174588,0.037418819229475535,0.0,0.0,0.0,0.0,0.0,0.0,0.1207762299067131,0.0,0.0,0.12011175464277014,0.0,0.023725871857791108,0.036905289247154235,0.041120022381768075,0.0,0.1056678711104995,0.0,0.0,0.0,0.0,0.12125819765896208,0.0,0.0,0.0,0.03579540683669903,0.07763540810459656,0.0,0.0,0.10397011334172923,0.03395209012456682,0.06652749381710968,0.016962774160111552,0.016962774160111552,0.016962774160111552,0.016962774160111552,0.016962774160111552,0.0,0.07219998314902497,0.02734405912663487,0.0,0.0,0.0,0.0,0.0,0.0,0.043661801027188224,0.0,0.0,0.0,0.0,0.0,0.0,0.0,0.0,0.09649584558695633,0.0,0.0,0.06635863526226457,0.0,0.0,0.0,0.0,0.19509362877674272,0.1997698897589725,1.0,0.0,0.0,0.0,0.1103105088359865,0.0,0.03725876147432907,0.03725876147432907,0.1873437032217599,0.0,0.0,0.045575010945674274,0.0,0.0,0.05418421033783812,0.0,0.0,0.0,0.0,0.0,0.0,0.0,0.0,0.0,0.0,0.29114029589394286,0.06033280901716041,0.0,0.0,0.0,0.0,0.0,0.058298606915471944,0.06430393856394123,0.04456129384337457,0.0746523206071944,0.04956384338704863,0.040214792441609845,0.0,0.0,0.0,0.0,0.04879886401677978,0.04115554877188622,0.0,0.0,0.0
26789,0.0,0.0,0.0,0.0,0.0,0.0,0.0,0.10630256659983693,0.0,0.0,0.0,0.0,0.0,0.0,0.0,0.0,0.03589177433479976,0.0,0.0,0.0,0.0,0.0,0.0,0.0,0.0,0.0,0.0,0.0,0.0,0.0,0.0,0.0,0.0,0.0,0.0,0.0,0.0,0.0,0.0,0.0,0.0,0.090867474903011,0.0,0.0,0.0,0.0,0.0,0.0,0.0,0.0,0.0,0.0,0.0,0.0,0.0,0.0,0.0,0.0,0.0,0.0,0.0,0.0,0.0,0.0,0.0,0.0,0.0,0.0,0.0,0.0,0.0,0.0,0.0,0.0,0.0,0.0,0.0,0.0,0.0,0.0,0.0,0.0,0.0,0.0,0.0,0.0,0.0,0.0,0.0,0.0,0.0,0.0,0.0,0.0,0.04210849489144573,0.0,0.0,0.0,0.07625228603577637,0.0,0.0,0.0,0.0,0.0,0.0,0.0,0.11363698730109029,0.11407226560481291,0.0655818458714506,0.0,0.0,0.0,0.0,0.0,0.0,0.0,0.0,0.0,0.0,0.0,0.07952981549201991,0.0,0.0,0.0,0.0,0.07069297303830087,0.0,0.0,0.0,0.0,0.0,0.0,0.0,0.12439356145806314,0.0,0.0,0.0,0.0,0.0,0.0,0.06119784538483708,0.06119784538483708,0.06119784538483708,0.06119784538483708,0.06119784538483708,0.05696595927447507,0.0,0.0,0.0,0.0,0.0,0.0,0.0,0.0,0.0,0.0,0.0,0.0,0.0,0.0,0.0,0.0,0.0,0.0,0.0,0.0,0.0,0.0,0.11694080727209154,0.0,0.0,0.0,0.0,0.0,1.0,0.49999999999999994,0.0,0.0,0.0,0.0,0.0,0.0,0.0,0.0,0.0,0.0,0.0,0.0,0.0,0.0,0.0,0.0,0.0,0.08294474194644541,0.07921837023389187,0.0988184106648038,0.0,0.0,0.0,0.0,0.0,0.0,0.0,0.0,0.0,0.0,0.0,0.0,0.0,0.0,0.0,0.0,0.0,0.0,0.0,0.0,0.0,0.0,0.0,0.0
692090,0.0,0.0,0.0,0.0,0.0,0.0,0.0,0.16840058243737208,0.0,0.0,0.0,0.0,0.0,0.0,0.0,0.0,0.03589177433479976,0.0,0.0,0.0,0.0,0.0,0.0,0.0,0.0,0.07296804056329113,0.07296804056329113,0.07692307692307693,0.0,0.0,0.0,0.0,0.0,0.0,0.0,0.0,0.0,0.0,0.0,0.0,0.0,0.090867474903011,0.0,0.0,0.0,0.0,0.0,0.0,0.0,0.0,0.0,0.0,0.0,0.0,0.0,0.0,0.0,0.0,0.0,0.0,0.0,0.0,0.0,0.0,0.0,0.0,0.0,0.0,0.0,0.0,0.0,0.0,0.0,0.0,0.0,0.0,0.0,0.0,0.0,0.0,0.0,0.0,0.0,0.0,0.0,0.0,0.0,0.0,0.0,0.0,0.0,0.0,0.0,0.0,0.0,0.0,0.0,0.0,0.1650933147288516,0.0,0.0,0.07300052701236315,0.0,0.0,0.0,0.0,0.11363698730109029,0.11407226560481291,0.0655818458714506,0.0,0.0,0.0,0.0,0.16797576680703213,0.0,0.0,0.0,0.0,0.0,0.0,0.07952981549201991,0.0,0.0,0.0,0.0,0.07069297303830087,0.0,0.0,0.0,0.0,0.0,0.0,0.0,0.058554857120112186,0.0,0.0,0.0,0.0,0.0,0.0,0.06119784538483708,0.06119784538483708,0.06119784538483708,0.06119784538483708,0.06119784538483708,0.05696595927447507,0.0,0.0,0.0,0.0,0.0,0.0,0.0,0.0,0.0,0.0,0.0,0.0,0.0,0.0,0.0,0.0,0.0,0.0,0.0,0.0,0.0,0.0,0.11694080727209154,0.0,0.0,0.0,0.0,0.0,0.49999999999999994,1.0,0.0,0.0,0.0,0.0,0.0,0.0,0.0,0.0,0.0,0.0,0.0,0.0,0.0,0.0,0.0,0.0,0.0,0.08294474194644541,0.07921837023389187,0.0,0.0,0.0,0.0,0.0,0.0,0.0,0.0,0.0,0.0,0.0,0.0,0.0,0.0,0.0,0.0,0.0,0.0,0.0,0.0,0.0,0.0,0.0,0.0,0.0
692075,0.0,0.0,0.0,0.0,0.0,0.0,0.0,0.0,0.0,0.0,0.0,0.0,0.0,0.0,0.0,0.0,0.0,0.0,0.0,0.13024796661203844,0.0,0.0,0.0,0.0,0.0,0.0,0.0,0.0,0.0,0.0,0.0,0.0,0.0,0.0,0.0,0.0,0.0,0.0,0.0,0.0,0.0,0.0,0.0,0.0,0.0,0.0,0.0,0.0,0.0,0.0,0.0,0.0,0.0,0.0,0.0,0.0,0.0,0.0,0.0,0.0,0.0,0.0,0.0,0.0,0.0,0.0,0.0,0.0,0.0,0.0,0.0,0.0,0.0,0.0,0.0,0.0,0.0,0.0,0.0,0.0,0.0,0.0,0.0,0.0,0.0,0.0,0.0,0.0,0.0,0.0,0.0,0.0,0.0,0.0,0.042857526707846844,0.19447041070175408,0.0,0.0,0.0,0.0,0.0,0.0,0.0,0.0,0.0,0.0,0.0,0.0,0.0,0.0,0.0,0.0,0.0,0.0,0.0,0.0,0.0,0.0,0.0,0.0,0.0,0.08613030998344812,0.0,0.0,0.0,0.0,0.0,0.0,0.0,0.0,0.0,0.0,0.0,0.0,0.0,0.0,0.0,0.0,0.052632310224001264,0.0,0.0,0.0,0.0,0.0,0.0,0.0,0.0,0.0,0.0,0.0,0.0,0.0,0.0,0.0,0.0,0.0,0.0,0.0,0.0,0.0,0.0,0.0,0.0,0.0,0.0,0.0,0.0,0.0,0.0,0.0,0.0,0.0,0.0,0.0,0.0,0.0,1.0,0.0,0.0,0.0,0.0,0.0,0.0,0.0,0.0,0.0503934041167534,0.0,0.0,0.0,0.0,0.0,0.0,0.0,0.0,0.08064564773437653,0.0,0.0,0.0,0.0,0.0,0.0,0.0,0.0,0.0,0.0,0.0,0.030796071662472873,0.032981805693562107,0.03642966188222068,0.0,0.0,0.0,0.0,0.0,0.0,0.0,0.0,0.0,0.0,0.0
26788,0.0,0.0,0.0,0.0,0.0,0.0,0.0,0.0,0.0,0.0,0.0,0.0,0.0,0.07410279598791653,0.0,0.0,0.0,0.0,0.0,0.0,0.0,0.11247357140390986,0.0,0.0,0.0,0.0,0.0,0.0,0.0,0.0,0.0,0.0,0.0,0.0,0.0,0.0,0.0,0.0,0.0,0.0,0.0,0.0,0.0,0.0,0.0,0.0,0.0,0.0,0.0,0.0,0.0,0.0,0.0,0.0,0.0,0.0,0.0,0.0,0.0,0.0,0.0,0.0,0.0,0.0,0.0,0.0,0.0,0.0,0.0,0.0,0.0,0.0,0.0,0.0,0.0,0.0,0.0,0.10036562831780413,0.10036562831780413,0.040988654332814956,0.10036562831780413,0.10036562831780413,0.10036562831780413,0.0,0.05332524418923245,0.0,0.0,0.0,0.0,0.0,0.0,0.058104809156116606,0.0,0.0,0.0,0.0,0.0,0.0,0.0,0.0,0.0,0.0,0.0,0.0,0.0,0.0,0.0,0.0,0.0,0.0,0.0,0.0,0.0,0.0,0.0,0.0,0.0,0.0,0.0,0.08545176635652131,0.0,0.05241246708483885,0.0,0.0,0.04950266371536955,0.0,0.0,0.0,0.0,0.0,0.0,0.0,0.0,0.0,0.0,0.0,0.0,0.0,0.05056675750723425,0.1479545782357517,0.03227284068168707,0.03227284068168707,0.03227284068168707,0.03227284068168707,0.03227284068168707,0.0,0.17963997741894644,0.0,0.0,0.0,0.0,0.0,0.0,0.0,0.0,0.0,0.0,0.0,0.0,0.0,0.0,0.0,0.0,0.0,0.0,0.0,0.17192465418643924,0.0,0.0,0.0,0.0,0.10699643160926735,0.14905396231828763,0.1103105088359865,0.0,0.0,0.0,1.0,0.0,0.0,0.0,0.0648546763812446,0.0,0.0,0.08103726576141558,0.0,0.0,0.0,0.0,0.0,0.0,0.0,0.0,0.0,0.0,0.0,0.0,0.0,0.0,0.0,0.0,0.0,0.0,0.0,0.0,0.0,0.028926429793362293,0.0,0.03492110512769378,0.0,0.08579183250711005,0.0,0.0,0.0,0.0,0.0,0.0,0.0,0.0,0.0
26787,0.0,0.0,0.0,0.0,0.0,0.0,0.0,0.0,0.0,0.0,0.0,0.0,0.0,0.0,0.0,0.0,0.0,0.0,0.0,0.0,0.09448100242109965,0.0,0.0,0.0,0.0,0.0,0.0,0.0,0.0,0.14333987879661741,0.0,0.0,0.0,0.0,0.0,0.0,0.0,0.0,0.0,0.0,0.0,0.0,0.0,0.0,0.0,0.0,0.0,0.0,0.0,0.0,0.0,0.0,0.0,0.0,0.0,0.0,0.0,0.0,0.0,0.0,0.0,0.0,0.0,0.0,0.0,0.0,0.0,0.0,0.0,0.0,0.0,0.0,0.0,0.0,0.0,0.0,0.0,0.0,0.0,0.0,0.0,0.0,0.0,0.0,0.0,0.0,0.0,0.0,0.0,0.0,0.0,0.0,0.0,0.0,0.0,0.09259523630067941,0.0,0.0,0.0,0.0,0.0,0.0,0.0,0.0,0.0,0.0,0.0,0.0,0.0,0.0,0.0,0.0,0.0,0.0,0.0,0.0,0.0,0.0,0.0,0.0,0.0,0.0,0.0,0.0,0.0,0.0,0.0,0.0,0.0,0.0,0.0,0.0,0.0,0.0,0.0,0.0,0.0,0.0,0.0,0.0,0.0,0.0,0.0,0.0,0.0,0.0,0.0,0.0,0.0,0.0,0.0,0.0,0.0,0.0,0.0,0.0,0.0,0.0,0.0,0.0,0.0,0.0,0.0,0.0,0.0,0.0,0.0,0.0,0.0,0.0,0.0,0.0,0.0,0.0,0.0,0.0,0.0,0.0,1.0,0.0,0.0,0.0,0.0,0.0,0.0,0.0,0.0,0.0,0.0,0.0,0.0,0.0,0.0,0.0,0.0,0.0,0.0,0.0,0.0,0.0,0.0,0.0,0.0,0.0,0.0,0.0,0.0,0.0,0.0,0.0,0.0,0.0,0.0,0.0,0.0,0.0,0.0,0.0,0.0,0.0
26786,0.0,0.0,0.0,0.0,0.0,0.04042416617611677,0.0,0.03406621850210436,0.07768732454494719,0.04282499650854526,0.0,0.0,0.0,0.042598489704218076,0.0,0.038304712982337674,0.0,0.08392467630165348,0.021658735686835257,0.0,0.0,0.0,0.0,0.0,0.0,0.0,0.0,0.0,0.0,0.05276502055831191,0.0,0.0,0.0,0.0,0.0,0.0,0.0,0.0,0.0,0.0,0.0,0.0,0.0,0.0,0.0,0.0,0.0,0.0,0.0,0.0,0.0,0.0,0.0,0.0,0.0,0.0,0.0,0.0,0.0,0.0,0.0,0.0,0.0,0.05312628925164119,0.05323219431022666,0.05312628925164119,0.05323219431022666,0.05312628925164119,0.05323219431022666,0.05031448500672784,0.0,0.11925238562716366,0.05031448500672784,0.05312628925164119,0.05312628925164119,0.112214097083027,0.0,0.0,0.0,0.0,0.0,0.0,0.0,0.0,0.0,0.0,0.0,0.0,0.06233563296308373,0.0,0.0,0.0,0.039545494299909056,0.0,0.0,0.0,0.0,0.10541752582360193,0.0,0.0,0.0,0.0,0.0,0.0,0.0,0.0,0.03486503414441161,0.0,0.0,0.0,0.0,0.0,0.0,0.0,0.0,0.0,0.0,0.07345245055999455,0.0,0.0,0.11997950546648291,0.0,0.0477514060213125,0.057702247115157264,0.0,0.0,0.0,0.0,0.0,0.0,0.0,0.0,0.0,0.0,0.0,0.061952496142309695,0.0,0.0,0.17421783972013652,0.0,0.10986245912588771,0.10986245912588771,0.10986245912588771,0.10986245912588771,0.10986245912588771,0.03760704261658947,0.0,0.0,0.0,0.03858330122235808,0.0,0.0,0.0,0.0,0.0,0.0,0.0,0.0,0.0,0.0,0.0,0.0,0.0,0.0,0.0,0.0,0.0,0.0,0.0,0.0,0.0,0.06831113556032067,0.05003076314556262,0.03725876147432907,0.0,0.0,0.0,0.0,0.0,1.0,1.0,0.0,0.0,0.0,0.0,0.0,0.0,0.0,0.0,0.0,0.0,0.0,0.0,0.0,0.057282940166694156,0.0,0.07345245055999455,0.0,0.0,0.0,0.0,0.0,0.03740653749603439,0.0,0.0,0.0,0.04712078385305692,0.05024734466171777,0.05512480134083463,0.0,0.0,0.0,0.06147823649995824,0.0,0.035243931592432935,0.12203540055708412,0.09992321975497787,0.10737586150842138,0.0,0.0
692093,0.0,0.0,0.0,0.0,0.0,0.04042416617611677,0.0,0.03406621850210436,0.07768732454494719,0.04282499650854526,0.0,0.0,0.0,0.042598489704218076,0.0,0.038304712982337674,0.0,0.08392467630165348,0.021658735686835257,0.0,0.0,0.0,0.0,0.0,0.0,0.0,0.0,0.0,0.0,0.05276502055831191,0.0,0.0,0.0,0.0,0.0,0.0,0.0,0.0,0.0,0.0,0.0,0.0,0.0,0.0,0.0,0.0,0.0,0.0,0.0,0.0,0.0,0.0,0.0,0.0,0.0,0.0,0.0,0.0,0.0,0.0,0.0,0.0,0.0,0.05312628925164119,0.05323219431022666,0.05312628925164119,0.05323219431022666,0.05312628925164119,0.05323219431022666,0.05031448500672784,0.0,0.11925238562716366,0.05031448500672784,0.05312628925164119,0.05312628925164119,0.112214097083027,0.0,0.0,0.0,0.0,0.0,0.0,0.0,0.0,0.0,0.0,0.0,0.0,0.06233563296308373,0.0,0.0,0.0,0.039545494299909056,0.0,0.0,0.0,0.0,0.10541752582360193,0.0,0.0,0.0,0.0,0.0,0.0,0.0,0.0,0.03486503414441161,0.0,0.0,0.0,0.0,0.0,0.0,0.0,0.0,0.0,0.0,0.07345245055999455,0.0,0.0,0.11997950546648291,0.0,0.0477514060213125,0.057702247115157264,0.0,0.0,0.0,0.0,0.0,0.0,0.0,0.0,0.0,0.0,0.0,0.061952496142309695,0.0,0.0,0.17421783972013652,0.0,0.10986245912588771,0.10986245912588771,0.10986245912588771,0.10986245912588771,0.10986245912588771,0.03760704261658947,0.0,0.0,0.0,0.03858330122235808,0.0,0.0,0.0,0.0,0.0,0.0,0.0,0.0,0.0,0.0,0.0,0.0,0.0,0.0,0.0,0.0,0.0,0.0,0.0,0.0,0.0,0.06831113556032067,0.05003076314556262,0.03725876147432907,0.0,0.0,0.0,0.0,0.0,1.0,1.0,0.0,0.0,0.0,0.0,0.0,0.0,0.0,0.0,0.0,0.0,0.0,0.0,0.0,0.057282940166694156,0.0,0.07345245055999455,0.0,0.0,0.0,0.0,0.0,0.03740653749603439,0.0,0.0,0.0,0.04712078385305692,0.05024734466171777,0.05512480134083463,0.0,0.0,0.0,0.06147823649995824,0.0,0.035243931592432935,0.12203540055708412,0.09992321975497787,0.10737586150842138,0.0,0.0
26785,0.0,0.0366434188522725,0.0,0.0,0.0,0.0,0.10938820401761482,0.0,0.0,0.0,0.04167171278051394,0.0,0.023956201829097752,0.043363994743758204,0.03938053388118827,0.0812758264194263,0.0,0.0,0.0,0.04024444870269139,0.0,0.0,0.0,0.0,0.052526704455039624,0.0,0.0,0.0,0.0,0.05556047481824265,0.0,0.0,0.0,0.0,0.0,0.0,0.0,0.0,0.08211202425014395,0.0,0.0,0.0,0.0,0.0,0.0,0.0,0.0,0.0,0.0,0.0,0.0,0.0,0.0,0.0,0.0,0.0,0.0,0.09587340053175816,0.0,0.0,0.0,0.0,0.0,0.0,0.0,0.0,0.0,0.0,0.0,0.0,0.0,0.0,0.0,0.0,0.0,0.0,0.048898122985210374,0.0575568529312039,0.0575568529312039,0.07053966171701549,0.0575568529312039,0.0575568529312039,0.0575568529312039,0.0,0.0,0.04731377591526612,0.03944075275731265,0.037699285106372736,0.0,0.0,0.0,0.09129678248618531,0.09231497633769371,0.0,0.0,0.043221278167713324,0.05789713727559461,0.051314245978878084,0.0,0.0,0.0,0.0,0.0,0.048723272075784176,0.0,0.0,0.0,0.0,0.0,0.0,0.0817998587972775,0.0,0.0,0.0,0.0,0.047191223098583424,0.0,0.0,0.0,0.0,0.0,0.0,0.05232570276551605,0.0,0.042353303206134084,0.05525576435654659,0.0,0.0,0.0,0.0,0.0,0.0,0.0,0.0,0.0,0.0,0.0,0.0,0.043783469455937765,0.08256378414507295,0.06592075102018113,0.06592075102018113,0.06592075102018113,0.06592075102018113,0.06592075102018113,0.038614128045967824,0.0,0.11564056569706949,0.055597464220741674,0.0,0.0,0.0,0.0,0.0,0.05404371371056789,0.0,0.0,0.0,0.0,0.0,0.0,0.0,0.0,0.0,0.0,0.0,0.0,0.0,0.0,0.0,0.0,0.0,0.05562467932411983,0.1873437032217599,0.0,0.0,0.0,0.0648546763812446,0.0,0.0,0.0,1.0,0.0,0.0,0.0,0.0,0.061663277645819844,0.0,0.0,0.0,0.05531222495323493,0.0,0.0,0.0,0.0,0.0,0.0,0.0,0.10426503088636292,0.0,0.0,0.04235285118023926,0.0,0.0,0.0,0.0,0.0,0.0,0.0,0.0,0.0496732705397565,0.0,0.06217694379835393,0.0,0.03624724293076576,0.0,0.0,0.0,0.07748459138331587,0.0
347686,0.0,0.0,0.0,0.0,0.0,0.0,0.0,0.0,0.0,0.0,0.0,0.0,0.0,0.0,0.0,0.0,0.0,0.0,0.0,0.0,0.0,0.0,0.0,0.0,0.0,0.0,0.0,0.0,0.0,0.0,0.0,0.0,0.0,0.0,0.0,0.0,0.0,0.0,0.0,0.0,0.0,0.0,0.0,,,0.0,0.0,0.0,0.0,0.0,0.0,0.0,,0.0,,0.0,,0.0,,,0.0,0.0,,0.0,0.0,0.0,0.0,0.0,0.0,0.0,0.0,0.0,0.0,0.0,0.0,0.0,0.0,0.0,0.0,0.0,0.0,0.0,0.0,0.0,0.0,0.0,0.0,0.0,0.0,,0.0,0.0,0.0,0.0,0.0,0.0,0.0,0.0,0.0,0.0,0.0,0.0,0.0,0.0,0.0,0.0,0.0,0.0,0.0,0.0,0.0,0.0,0.0,0.0,0.0,0.0,0.0,0.0,0.0,0.0,0.0,0.0,0.0,0.0,0.0,0.0,0.0,,0.0,0.0,0.0,0.0,0.0,0.0,0.0,0.0,0.0,0.0,0.0,0.0,0.0,0.0,0.0,0.0,0.0,0.0,0.0,0.0,0.0,0.0,0.0,0.0,0.0,0.0,0.0,0.0,0.0,0.0,0.0,0.0,0.0,0.0,0.0,0.0,,0.0,0.0,0.0,0.0,0.0,0.0,0.0,0.0,0.0,0.0,0.0,0.0,0.0,0.0,0.0,0.0,0.0,,0.0,0.0,0.0,0.0,0.0,0.0,0.0,0.0,,0.0,0.0,0.0,0.0,0.0,0.0,0.0,0.0,,0.0,0.0,0.0,0.0,0.0,0.0,0.0,0.0,0.0,0.0,0.0,0.0,0.0,0.0,0.0,0.0,0.0,0.0,0.0
692106,0.0,0.0,0.0502423967189616,0.0,0.0,0.0,0.0,0.0,0.0,0.0,0.0,0.0,0.0,0.0,0.0,0.0,0.0,0.05042602232074946,0.0,0.0,0.0,0.0,0.0,0.0,0.05871462457983478,0.0,0.0,0.0,0.0,0.0,0.0,0.0,0.0,0.0,0.0,0.0,0.0,0.0,0.0,0.0,0.0,0.0,0.0,0.0,0.0,0.0,0.08302093537353408,0.0,0.0,0.0,0.0,0.0,0.0,0.0,0.0,0.0,0.0,0.0,0.0,0.0,0.0,0.0,0.0,0.0,0.0,0.0,0.0,0.0,0.0,0.0,0.0,0.0,0.0,0.0,0.0,0.0,0.0,0.0,0.0,0.07744937798162076,0.0,0.0,0.0,0.0,0.0,0.0,0.04231041003924883,0.046128513092128134,0.0,0.0,0.0,0.0,0.0,0.0,0.0,0.0,0.0,0.0,0.0,0.0,0.0,0.0,0.0,0.0562531820668951,0.05376843362351018,0.06632656803263873,0.0,0.04381618919564193,0.0,0.0,0.0,0.0,0.0,0.0,0.0,0.0,0.0,0.0,0.0,0.0,0.0,0.0,0.0,0.0,0.0,0.0,0.0,0.0,0.0,0.0,0.0,0.0,0.06941605507809818,0.051505805612449246,0.0,0.0,0.0,0.0,0.0,0.0,0.0,0.0,0.0,0.0,0.0,0.0,0.0,0.0,0.0,0.0,0.0,0.0,0.0,0.0,0.0,0.0,0.0,0.0,0.0,0.0,0.0,0.0,0.0,0.0,0.0,0.0,0.0,0.0,0.0,0.0,0.0,0.0,0.0,0.0,0.0,0.0,0.0,0.0,0.0,0.0,0.0,0.0,0.0,1.0,0.0,0.0,0.0,0.0,0.0,0.0,0.0,0.0,0.0,0.0,0.0,0.0,0.0,0.0,0.0,0.0,0.0,0.0,0.0,0.0,0.0,0.0,0.0,0.0,0.0,0.0,0.06122448979591835,0.0,0.0,0.0,0.0,0.0,0.0,0.0,0.0,0.0
692107,0.0,0.0,0.0,0.0,0.0,0.0,0.0,0.0,0.0,0.054954653632054894,0.0,0.0,0.0,0.0,0.04885498195513406,0.0,0.0,0.0,0.027117889945049413,0.0,0.0357996687627087,0.0,0.0,0.0,0.0,0.0,0.0,0.0,0.0,0.0,0.0,0.1905374089166588,0.0,0.0,0.04188248119982663,0.0,0.0,0.0,0.0,0.0,0.0,0.0,0.0,0.0,0.0,0.0,0.0,0.07735917173614515,0.0,0.0,0.0,0.0,0.0,0.0,0.0,0.0,0.0,0.0,0.0,0.0,0.0,0.0,0.0,0.0,0.0,0.0,0.0,0.0,0.0,0.0,0.0,0.0,0.0,0.0,0.0,0.0,0.0,0.0,0.0,0.0,0.0,0.0,0.0,0.0,0.0468901643990137,0.0,0.0,0.0,0.0,0.0,0.0,0.0,0.0,0.0,0.0,0.0,0.0,0.0,0.0,0.0,0.0,0.0,0.0,0.0,0.0,0.0,0.0,0.0,0.0,0.0,0.0,0.0,0.049999999999999996,0.0,0.0,0.0,0.0,0.0,0.0,0.0,0.03372678547289672,0.16547488714521202,0.0,0.0,0.0,0.0,0.0,0.0,0.0,0.0,0.06635357001839602,0.0,0.0,0.0,0.0,0.0,0.0,0.0,0.046518294254516666,0.0,0.025231608261379743,0.025231608261379743,0.025231608261379743,0.025231608261379743,0.025231608261379743,0.0,0.1175280038018295,0.0,0.0,0.0,0.0,0.0,0.0,0.0,0.0,0.0,0.0,0.0,0.0,0.0,0.0,0.0,0.0,0.0,0.0,0.0,0.10904402612257029,0.0,0.0,0.0,0.0,0.08563665457131633,0.06116796820017025,0.045575010945674274,0.0,0.0,0.0,0.08103726576141558,0.0,0.0,0.0,0.0,0.0,0.0,1.0,0.043477765117524256,0.0,0.0,0.0,0.07917982402579832,0.0,0.0,0.0,0.0,0.0,0.0,0.0,0.0,0.0,0.0,0.0,0.0,0.0,0.03345294713251354,0.0,0.0,0.02749042795649895,0.0,0.03228474517213239,0.03387555529335095,0.06225973517917572,0.0,0.0,0.0,0.0,0.0,0.0,0.0,0.0,0.0
692108,0.0,0.029366064057119758,0.0,0.07449714557532822,0.0,0.0,0.0,0.0,0.03100665935709094,0.03589572646841554,0.035193197998692735,0.017748030261306315,0.0,0.035398704909752166,0.0,0.0,0.04260166307513885,0.03361659301202292,0.017899234076923842,0.03339526083686286,0.0,0.0,0.024794204330578468,0.0656874294852687,0.0,0.040669637722614393,0.040669637722614393,0.043476215956227415,0.0,0.0,0.031201875080300635,0.0,0.0,0.0,0.05673075830529858,0.0,0.0,0.0,0.0,0.0,0.0,0.0,0.0,0.0,0.0,0.06525036665992141,0.054353473859318435,0.0,0.0,0.0,0.05930552201608388,0.0,0.0,0.0,0.0,0.0,0.0,0.0,0.0,0.0,0.0,0.0,0.0,0.0,0.0,0.0,0.0,0.0,0.0,0.0,0.0,0.0,0.0,0.0,0.0,0.0,0.03824935307609198,0.04703829278021538,0.04703829278021538,0.024317648529890813,0.04703829278021538,0.04703829278021538,0.04703829278021538,0.04982992119329825,0.030807260673378124,0.036634802617428394,0.0,0.0,0.0,0.0,0.0,0.032404828969084344,0.0,0.0,0.050713096749606085,0.03250920523405555,0.0,0.0,0.0,0.0,0.0,0.0,0.0,0.0,0.0,0.0,0.02906810632816101,0.0,0.0,0.0,0.0,0.0,0.0,0.04240952016565065,0.0,0.0,0.0,0.0,0.0,0.0,0.0,0.12442409046658867,0.0,0.0,0.0,0.040623849919473695,0.07186374669198266,0.0,0.0,0.0,0.0,0.0,0.0,0.0,0.0,0.0,0.0,0.0,0.0,0.0,0.0,0.0,0.0,0.0,0.0,0.0,0.0,0.0,0.0,0.0,0.0,0.0,0.0,0.0,0.0,0.0,0.0,0.0,0.0,0.0,0.0,0.0,0.0,0.0,0.0,0.0,0.0,0.0,0.0,0.0,0.0,0.0,0.0,0.0,0.0,0.0,0.0503934041167534,0.0,0.0,0.0,0.0,0.0,0.0,0.0,0.043477765117524256,1.0,0.0,0.0,0.0,0.0,0.04305931153912669,0.0,0.0,0.0,0.0,0.0,0.0,0.0554877652409834,0.0,0.0,0.0,0.0,0.0,0.022093570600364404,0.0,0.0,0.05665715791078695,0.03961013827858647,0.04358887988406249,0.0701943862675382,0.0,0.05181946373404863,0.0,0.0,0.02918573718773537,0.0,0.0,0.0,0.0,0.0
606500,0.0,0.0,0.0,0.0,0.0,0.0,0.0,0.0,0.0,0.0,0.0,0.0,0.0,0.0,0.0,0.05228272385562364,0.0,0.0,0.0,0.0,0.03848749947061926,0.0,0.0,0.0,0.06250000000000001,0.0,0.0,0.0,0.16543754526898008,0.0,0.0,0.0,0.0,0.0,0.0,0.0,0.0,0.0,0.0,0.0,0.0,0.0,0.0,0.0,0.0,0.0,0.0,0.0,0.0,0.0,0.0,0.0,0.0,0.0,0.0,0.0,0.0,0.0,0.0,0.0,0.0,0.0,0.0,0.0,0.0,0.0,0.0,0.0,0.0,0.06722264351217508,0.0,0.0,0.0,0.0,0.0,0.0,0.0,0.07803219818634702,0.07803219818634702,0.0,0.07803219818634702,0.07803219818634702,0.07803219818634702,0.0,0.0,0.0,0.0,0.0,0.0,0.0,0.0,0.11178108467198188,0.10865242386320845,0.0,0.0,0.0,0.0,0.0,0.0,0.0,0.0,0.0,0.0,0.0,0.0,0.0,0.0,0.0,0.0,0.0,0.0,0.0,0.0,0.0,0.0,0.0,0.0,0.0,0.0,0.0,0.03610168725211792,0.0,0.0,0.0,0.0,0.0,0.0,0.0,0.0,0.05718732571384957,0.0,0.13023604525253316,0.0,0.11651186252276684,0.0,0.0,0.0,0.07655996896362867,0.0,0.0,0.0,0.0,0.0,0.0,0.0,0.0,0.0,0.0,0.0,0.0,0.0,0.0,0.0,0.0,0.0,0.0,0.0,0.0,0.0,0.0,0.0,0.0,0.0,0.0,0.0,0.0,0.0,0.0,0.0,0.0,0.0,0.0,0.0,0.0,0.0,0.0,0.0,0.0,0.0,0.0,0.0,0.061663277645819844,0.0,0.0,0.0,0.0,1.0,0.0,0.0,0.0,0.07102335063425182,0.0,0.0,0.0,0.0,0.0,0.0,0.0,0.060104371522728996,0.0,0.0,0.048377204378763944,0.0,0.0,0.0,0.0,0.0,0.0,0.0,0.0,0.0,0.0,0.0,0.0,0.0,0.0,0.0,0.0,0.0,0.0
692109,0.0,0.0,0.0,0.0,0.0,0.0,0.0,0.0,0.0,0.0,0.0,0.0,0.0,0.0,0.0,0.0,0.0,0.0,0.0,0.07093271015190046,0.0,0.0,0.0,0.0,0.14926659326721434,0.0,0.0,0.0,0.0,0.0,0.0,0.0,0.0,0.0,0.0,0.0,0.0,0.0,0.0,0.0,0.0,0.0,0.0,0.0,0.0,0.0,0.0,0.0,0.0,0.0,0.0,0.0,0.0,0.0,0.0,0.0,0.0,0.0,0.0,0.0,0.0,0.0,0.0,0.0,0.0,0.0,0.0,0.0,0.0,0.0,0.0,0.0,0.0,0.0,0.0,0.0,0.0,0.0,0.0,0.0,0.0,0.0,0.0,0.0,0.0,0.0,0.0,0.0,0.0,0.0,0.0,0.0,0.0,0.0,0.0,0.06098927765807687,0.0,0.0,0.0,0.0,0.0,0.0,0.0,0.0,0.0,0.0,0.0,0.0,0.0,0.0,0.0,0.0,0.058432113418511546,0.0,0.0,0.0,0.0,0.0,0.0,0.0,0.0,0.0,0.0,0.0,0.0,0.0,0.0,0.0,0.0,0.06423453897877154,0.0,0.0,0.0,0.0,0.0,0.0,0.0,0.0,0.0,0.0,0.0,0.0,0.0,0.0,0.0,0.0,0.0,0.0,0.0,0.0,0.4483964573172419,0.0,0.0,0.0,0.0,0.0,0.0,0.0,0.0,0.0,0.0,0.0,0.0,0.0,0.0,0.0,0.0,0.0,0.05761376566084359,0.0,0.0,0.0,0.0,0.05418421033783812,0.0,0.0,0.0,0.0,0.0,0.0,0.0,0.0,0.0,0.0,0.0,0.0,0.0,1.0,0.0,0.0,0.0,0.0,0.0,0.08948488890321019,0.0,0.0,0.0,0.0,0.0,0.0,0.0,0.0,0.0,0.0,0.0,0.0,0.0,0.0,0.0,0.0,0.0,0.11026059522648271,0.0,0.0,0.0,0.0,0.0,0.0,0.0,0.0
692076,0.0,0.0,0.0,0.0,0.0,0.0,0.0,0.0,0.068197577750718,0.09042625539219579,0.0,0.0,0.0,0.0,0.0,0.0,0.0,0.0,0.0,0.0,0.0,0.0,0.04996441945303498,0.0,0.0,0.0,0.0,0.0,0.0,0.0,0.0,0.0,0.0,0.0,0.0,0.0,0.0,0.0,0.0,0.07894846741297175,0.0,0.0,0.0,0.0,0.0,0.16666730548836872,0.0,0.09926539979399891,0.0,0.0,0.0,0.0,0.0,0.0,0.0,0.0,0.0,0.0,0.0,0.0,0.0,0.0,0.0,0.0,0.0,0.0,0.0,0.0,0.0,0.0,0.0,0.0,0.0,0.0,0.0,0.0,0.0,0.0,0.0,0.0,0.0,0.0,0.0,0.0,0.0,0.0,0.0,0.0,0.0,0.0,0.0,0.0,0.0,0.0,0.0,0.0,0.0,0.0,0.0,0.0,0.0,0.0,0.0,0.0,0.0,0.0,0.06726035037513015,0.0,0.0,0.0,0.0,0.0,0.0,0.0,0.0,0.0,0.0,0.0,0.0,0.0,0.03801003084521395,0.04762688158051614,0.0,0.0,0.0,0.0,0.0,0.0,0.0,0.0,0.0,0.0,0.0,0.0,0.0,0.0,0.0,0.08190664686403754,0.046763464182123474,0.0,0.0,0.0,0.0,0.0,0.0,0.0,0.0,0.0,0.0,0.0,0.0,0.0,0.0,0.0,0.0,0.0,0.0,0.0,0.0,0.0,0.0,0.0,0.0,0.0,0.0,0.0,0.0,0.0,0.0,0.0,0.0,0.0,0.0,0.0,0.0,0.0,0.0,0.0,0.0,0.0,0.0,0.0,0.0,0.0,0.0,0.0,0.0,0.0,1.0,0.0,0.0,0.0,0.0,0.0,0.0,0.0,0.0,0.0,0.0,0.0,0.0,0.0,0.0,0.0,0.0,0.0,0.0,0.0,0.0,0.0,0.0,0.1219404935641169,0.0,0.0,0.0,0.0,0.0,0.0,0.0,0.0921897737917635
692110,0.0,0.0,0.0,0.0,0.0,0.0,0.0,0.0,0.0,0.07996100706269135,0.0,0.0,0.0,0.0,0.0,0.0,0.0,0.0,0.11178516037912921,0.0,0.0,0.05254511002530634,0.0,0.0,0.0,0.0,0.0,0.0,0.0,0.0,0.0,0.12560338447851038,0.0,0.0,0.04360160057467978,0.0,0.0,0.0,0.0,0.0,0.0,0.0,0.0,0.0,0.0,0.0,0.0,0.0,0.10903721629406934,0.0,0.0,0.0,0.0,0.0,0.0,0.23621960385760657,0.0,0.0,0.0,0.0,0.0,0.0,0.0,0.0,0.0,0.0,0.0,0.0,0.0,0.0,0.0,0.0,0.0,0.0,0.0,0.0,0.0,0.0,0.0,0.0,0.0,0.0,0.0,0.0,0.0,0.0,0.0,0.0,0.0,0.0,0.0,0.0,0.052189019406401145,0.0,0.0,0.0,0.0,0.0854711548046679,0.0,0.0,0.0,0.0,0.0,0.0,0.0,0.0,0.0,0.0,0.0,0.0,0.0,0.0,0.0,0.0,0.0,0.0,0.0,0.0,0.0,0.0,0.0,0.0,0.0,0.0,0.0,0.0,0.0,0.0,0.0,0.0,0.0,0.0,0.0,0.0,0.0,0.0,0.0,0.0,0.0,0.0,0.0,0.0,0.0,0.0,0.0,0.0,0.0,0.0,0.0,0.0,0.0,0.0,0.0,0.0,0.0,0.0,0.0,0.0,0.0,0.0,0.0,0.0,0.0,0.0,0.0,0.0,0.0,0.0,0.05320652713707998,0.0,0.0,0.0,0.0,0.0,0.0,0.0,0.0,0.0,0.0,0.0,0.0,0.0,0.0,0.0,0.07917982402579832,0.0,0.0,0.0,0.0,1.0,0.0,0.0,0.0,0.0,0.0,0.0,0.0,0.10491810561343645,0.0,0.0,0.0,0.0,0.0,0.034692282358459864,0.0,0.0,0.0,0.0,0.0,0.0,0.0,0.0,0.0,0.0,0.0,0.0,0.0,0.0,0.0,0.0
692111,0.0,0.0,0.0,0.0,0.0,0.0,0.0,0.0,0.0,0.0,0.0,0.0,0.0,0.0,0.05058224979456953,0.0,0.030919462370912427,0.0,0.0,0.0,0.07735223512954541,0.0,0.0,0.0,0.0,0.0,0.0,0.0,0.0,0.0,0.1533910782289203,0.0,0.0,0.0,0.0,0.0,0.0,0.0,0.0,0.0,0.0,0.0,0.0,0.0,0.0,0.0,0.0,0.0,0.0,0.0,0.0,0.0,0.0,0.0,0.0,0.0,0.0,0.0,0.0,0.0,0.0,0.0,0.0,0.0,0.0,0.0,0.0,0.0,0.0,0.0,0.0,0.0,0.0,0.0,0.0,0.0,0.0,0.0,0.0,0.0,0.0,0.0,0.0,0.0,0.0,0.0,0.0,0.0,0.0,0.0,0.0,0.048356392296884695,0.21467235696739612,0.0,0.0,0.0,0.0,0.0,0.0,0.0,0.0,0.0,0.0,0.0,0.0,0.0,0.0,0.0,0.0,0.0,0.0,0.0,0.0,0.0,0.0,0.0,0.0,0.0,0.0,0.0,0.0,0.0,0.0,0.0,0.0,0.0,0.0,0.0,0.0,0.0,0.0,0.05463586563512631,0.0,0.0,0.0,0.0,0.0,0.0,0.0,0.0,0.0,0.0,0.0,0.0,0.0,0.0,0.0,0.0,0.0,0.0,0.0,0.0,0.0,0.0,0.0,0.0,0.0,0.0,0.0,0.0,0.0,0.0,0.0,0.0,0.0,0.0,0.0,0.0,0.0,0.08580097022185812,0.0,0.0,0.0,0.0,0.0,0.0,0.0,0.0,0.0,0.0,0.0,0.05531222495323493,0.0,0.0,0.0,0.04305931153912669,0.07102335063425182,0.0,0.0,0.0,1.0,0.0,0.0,0.0,0.0,0.0,0.0,0.0,0.0,0.0,0.0,0.14103934420933417,0.0,0.0,0.0,0.0,0.025706300272335822,0.027578635478467353,0.030545390748656722,0.0676311566469501,0.0,0.0,0.0,0.0,0.0,0.0,0.0,0.0,0.0,0.0
619564,0.0,0.0,0.0,0.0,0.0,0.0,0.0,0.0,0.0,0.0,0.0,0.0,0.0,0.0,0.0,0.0,0.0,0.0,0.0,0.0,0.0,0.0,0.0,0.0,0.0,0.0,0.0,0.0,0.0,0.0,0.0,0.0,0.0,0.0,0.0,0.0,0.0,0.0,0.0,0.0,0.0,0.0,0.0,,,0.0,0.0,0.0,0.0,0.0,0.0,0.0,,0.0,,0.0,,0.0,,,0.0,0.0,,0.0,0.0,0.0,0.0,0.0,0.0,0.0,0.0,0.0,0.0,0.0,0.0,0.0,0.0,0.0,0.0,0.0,0.0,0.0,0.0,0.0,0.0,0.0,0.0,0.0,0.0,,0.0,0.0,0.0,0.0,0.0,0.0,0.0,0.0,0.0,0.0,0.0,0.0,0.0,0.0,0.0,0.0,0.0,0.0,0.0,0.0,0.0,0.0,0.0,0.0,0.0,0.0,0.0,0.0,0.0,0.0,0.0,0.0,0.0,0.0,0.0,0.0,0.0,,0.0,0.0,0.0,0.0,0.0,0.0,0.0,0.0,0.0,0.0,0.0,0.0,0.0,0.0,0.0,0.0,0.0,0.0,0.0,0.0,0.0,0.0,0.0,0.0,0.0,0.0,0.0,0.0,0.0,0.0,0.0,0.0,0.0,0.0,0.0,0.0,,0.0,0.0,0.0,0.0,0.0,0.0,0.0,0.0,0.0,0.0,0.0,0.0,0.0,0.0,0.0,0.0,0.0,,0.0,0.0,0.0,0.0,0.0,0.0,0.0,0.0,,0.0,0.0,0.0,0.0,0.0,0.0,0.0,0.0,,0.0,0.0,0.0,0.0,0.0,0.0,0.0,0.0,0.0,0.0,0.0,0.0,0.0,0.0,0.0,0.0,0.0,0.0,0.0
8944,0.11349646588378963,0.09759929279153871,0.0,0.0,0.032361549790534655,0.0,0.04225931231191231,0.0,0.0,0.0,0.0,0.0,0.0,0.15216333146428904,0.0,0.0,0.0,0.0,0.028295971693687628,0.0,0.0,0.0,0.0,0.0,0.06340414577763172,0.0,0.0,0.0,0.0,0.0,0.0,0.0,0.0,0.08278087081107233,0.0,0.0,0.0,0.0,0.0,0.15376897341837462,0.0,0.0,0.0,0.0,0.0,0.0,0.0,0.0,0.0,0.0,0.0,0.0,0.0,0.0,0.0,0.0,0.0,0.0,0.0,0.0,0.0,0.0,0.0,0.0,0.0,0.0,0.0,0.0,0.0,0.0,0.0,0.0,0.0,0.0,0.0,0.0,0.0,0.0,0.0,0.1319618228961275,0.0,0.0,0.0,0.0,0.10762354036330499,0.0,0.0,0.0,0.0,0.0,0.0968205220200921,0.0,0.0,0.08131397098134194,0.0,0.0,0.0,0.06578979569452673,0.0,0.0,0.0,0.06511662116727812,0.0,0.0,0.05764626363147831,0.0,0.0,0.0,0.0,0.0,0.0,0.0,0.0,0.06792945541471272,0.0,0.0,0.0,0.0,0.0,0.0,0.03636785237374857,0.027053140096618362,0.0,0.0,0.0,0.0,0.0,0.0,0.0,0.0,0.0,0.0,0.0,0.0,0.0,0.0,0.0,0.0,0.0,0.0,0.0,0.0,0.0,0.0,0.0,0.0,0.0,0.04065499943397457,0.0,0.0,0.0,0.0,0.0,0.0,0.1496325918037162,0.0,0.0,0.0,0.0,0.0,0.0,0.0,0.1927899318697234,0.07156801584568974,0.0,0.0,0.0,0.0,0.0,0.0,0.12765710639167588,0.0,0.06680453288169688,0.0,0.0,0.0,0.0,0.0,0.0,0.0,0.0,0.0,0.0,0.0,0.0,0.0,0.0,0.0,0.0,0.0,0.0,0.0,1.0,0.0,0.0,0.0,0.0,0.0,0.0,0.0,0.0,0.0,0.0,0.0,0.0,0.0,0.0,0.0,0.0,0.0,0.0,0.0,0.0,0.0,0.0,0.0,0.0,0.043731128014125605,0.0,0.0
619498,0.0,0.0,0.0,0.0,0.0,0.0,0.0,0.0,0.05087932657470676,0.0,0.0,0.028669239343751242,0.0,0.028315890052703366,0.0,0.0,0.07001850386381464,0.0,0.0,0.0,0.0,0.0,0.0,0.0,0.0,0.0,0.0,0.0,0.0,0.0,0.0,0.0,0.0,0.0,0.0,0.0,0.0,0.0,0.0,0.0,0.0,0.0,0.0,0.0,0.0,0.0,0.0,0.0,0.0,0.0,0.0,0.0,0.0,0.0,0.0,0.0,0.0,0.0,0.0,0.0,0.0,0.0,0.0,0.0,0.0,0.0,0.0,0.0,0.0,0.0,0.0,0.0,0.0,0.0,0.0,0.0,0.0,0.0,0.0,0.0,0.0,0.0,0.0,0.0,0.0,0.0,0.0,0.0,0.0,0.0,0.0,0.0,0.0,0.0,0.0,0.0,0.0,0.0,0.0,0.0,0.0,0.0,0.0,0.0,0.0,0.0,0.0,0.0,0.0,0.0,0.0,0.0,0.0,0.0,0.0,0.0,0.0,0.0,0.0,0.0,0.0,0.0,0.0,0.0,0.0,0.0,0.0,0.0,0.0,0.0,0.0,0.0,0.0,0.0,0.0,0.0,0.0,0.0,0.0,0.0,0.027062898925752303,0.027062898925752303,0.027062898925752303,0.027062898925752303,0.027062898925752303,0.0,0.0,0.0,0.0,0.0,0.0,0.0,0.0,0.0,0.0,0.0,0.0,0.0,0.0,0.0,0.0,0.0,0.0,0.0,0.0,0.0,0.0,0.0,0.17822801029184326,0.0,0.0,0.0,0.0,0.0,0.08294474194644541,0.08294474194644541,0.0,0.0,0.0,0.0,0.0,0.0,0.0,0.0,0.0,0.0,0.0,0.08948488890321019,0.0,0.0,0.0,0.0,0.0,1.0,0.0,0.0,0.0,0.0,0.0,0.0,0.0,0.048377204378763944,0.0,0.0,0.0,0.0,0.0,0.0,0.0,0.0,0.0,0.0,0.0,0.0,0.0,0.0,0.0,0.0,0.0,0.0
692195,0.0,0.0,0.0,0.0,0.0,0.0,0.0,0.0,0.047110368483415176,0.0,0.0,0.0,0.0,0.026041521945368483,0.0,0.04809152618648045,0.03386741664051795,0.05018177673567948,0.0,0.04973113420486386,0.0,0.0,0.0,0.0,0.0,0.0,0.0,0.0,0.0,0.0,0.0,0.0,0.0,0.0,0.0,0.0,0.0,0.0,0.0,0.0,0.0,0.0,0.0,0.0,0.0,0.0,0.0,0.0,0.0,0.0,0.0,0.0,0.0,0.0,0.0,0.0,0.0,0.0,0.0,0.0,0.0,0.0,0.0,0.0,0.0,0.0,0.0,0.0,0.0,0.0,0.0,0.0,0.0,0.0,0.0,0.0,0.0,0.0,0.0,0.0,0.0,0.0,0.0,0.0,0.0,0.0,0.0,0.0,0.0,0.0,0.0,0.0,0.053124764382095284,0.0,0.08555133794921396,0.05251165623323405,0.0,0.0,0.06264617354434843,0.0,0.0,0.0,0.0,0.0,0.0,0.0,0.04353624450602575,0.09175583888383602,0.19405469381976634,0.0,0.0,0.0,0.0,0.0,0.0,0.0,0.0,0.0,0.0,0.0,0.07523898351857283,0.0,0.0,0.0,0.0507753034225726,0.0,0.0,0.0,0.0,0.0,0.0,0.0,0.0,0.0,0.0,0.0,0.0,0.0,0.11070201462966234,0.0,0.0,0.0,0.0,0.0,0.0,0.0,0.0,0.0,0.0,0.1785884951984008,0.0,0.0,0.0,0.0,0.0,0.0,0.0,0.06711418312581809,0.09201262115450726,0.0,0.0,0.08547978543557083,0.0,0.0,0.0,0.0,0.0,0.0,0.0,0.0,0.0,0.0,0.0,0.0,0.07921837023389187,0.07921837023389187,0.08064564773437653,0.0,0.0,0.057282940166694156,0.057282940166694156,0.0,0.0,0.0,0.0,0.0,0.0,0.0,0.0,0.0,0.0,0.0,0.0,0.0,1.0,0.0,0.0,0.0,0.0,0.0,0.0,0.05077473625558905,0.04942577927390624,0.03780702455488239,0.0,0.0,0.0,0.0,0.0,0.0,0.0,0.0,0.0,0.0,0.0,0.07533729224112652,0.06354758551137787,0.0,0.0,0.0
692196,0.0,0.0,0.0,0.0,0.0,0.0,0.0,0.0,0.0,0.0,0.0,0.0,0.0,0.0,0.0,0.0,0.0,0.0,0.03512717549139632,0.0,0.0,0.0,0.0,0.0,0.0,0.0,0.0,0.0,0.0,0.0,0.0,0.0,0.0,0.0,0.0,0.0,0.0,0.0,0.0,0.0,0.0,0.0,0.0,0.0,0.0,0.0,0.0,0.0,0.0,0.0,0.0,0.0,0.0,0.0,0.0,0.0,0.0,0.0,0.0,0.0,0.0,0.0,0.0,0.0,0.0,0.0,0.0,0.0,0.0,0.0,0.0,0.0,0.0,0.0,0.0,0.0,0.0,0.0,0.0,0.0,0.0,0.0,0.0,0.0,0.0,0.0,0.0,0.0,0.0,0.0,0.0,0.0,0.0,0.0,0.0,0.0,0.0,0.0,0.0,0.0,0.0,0.07945532402740843,0.0852684861451756,0.06881031536561102,0.06444717066637257,0.08305114969358467,0.0,0.0,0.0,0.1474057683262889,0.0,0.0,0.0,0.0,0.0,0.0,0.0,0.0,0.0,0.0,0.0,0.0,0.24072253277137381,0.0,0.0,0.0,0.0,0.0,0.0,0.0,0.0,0.0,0.0,0.0,0.0,0.0,0.0,0.0,0.0,0.0,0.03239193640335148,0.0,0.0,0.03239193640335148,0.0,0.0,0.0,0.03738317757009346,0.07086601723846385,0.0,0.0,0.0,0.0,0.0,0.0,0.0,0.0,0.0,0.0,0.0,0.0,0.0,0.0,0.0,0.0,0.0,0.0,0.0,0.0,0.10989355168061539,0.0,0.0,0.0,0.0,0.0988184106648038,0.0,0.0,0.0,0.0,0.0,0.0,0.0,0.0,0.0,0.0,0.0,0.0,0.0,0.0,0.0,0.0,0.0,0.0,0.0,0.0,1.0,0.0,0.0,0.0,0.0,0.0,0.0,0.0,0.0,0.0,0.0,0.0,0.0,0.0,0.03892039548013681,0.0,0.0,0.0,0.0,0.0,0.0,0.0,0.0,0.0,0.0
692197,0.0,0.0,0.0,0.04990231876248828,0.0,0.08046105854344507,0.0,0.0,0.0,0.08793231812038026,0.0,0.0,0.05538388499227631,0.0,0.0,0.0,0.04267113564938936,0.0,0.0,0.0,0.0,0.0,0.05478100556842224,0.0,0.0,0.0,0.0,0.0,0.0,0.21224578583474518,0.0,0.0,0.0,0.0,0.0,0.0,0.0,0.0,0.0,0.0,0.0,0.0,0.0,0.0,0.0,0.0,0.0,0.0,0.0,0.0,0.0,0.0,0.0,0.0,0.0,0.0,0.0,0.0,0.0,0.0,0.0,0.0,0.0,0.21071138888552268,0.21010629044081916,0.21071138888552268,0.21010629044081916,0.21071138888552268,0.21010629044081916,0.1935023870515786,0.0,0.23128012816798302,0.08821617345567472,0.21071138888552268,0.21071138888552268,0.21071138888552268,0.0,0.0,0.0,0.0,0.0,0.0,0.0,0.0,0.0,0.0,0.0,0.0,0.0,0.0,0.0,0.0,0.0,0.0,0.0,0.0,0.12132704297804457,0.0,0.0,0.0,0.0,0.0,0.0,0.0,0.0,0.0,0.1468619275776401,0.0,0.0,0.0,0.0,0.0,0.0,0.0,0.0,0.0,0.0,0.33333333333333337,0.0,0.0,0.04540499707166903,0.0,0.0,0.0,0.0,0.0,0.0,0.0,0.0,0.0,0.0,0.0,0.0,0.0,0.0,0.11147473794870692,0.0,0.0,0.0,0.0,0.0758256621252343,0.0758256621252343,0.0758256621252343,0.0758256621252343,0.0758256621252343,0.07157008591375923,0.0,0.0,0.0,0.0,0.0,0.0,0.0,0.0,0.0,0.0,0.0,0.0,0.0,0.0,0.0,0.0,0.0,0.0,0.0,0.0,0.0,0.0,0.0,0.12522247455662883,0.0,0.0,0.0,0.0,0.0,0.0,0.0,0.0,0.0,0.07345245055999455,0.07345245055999455,0.0,0.0,0.0,0.0,0.0,0.0,0.0,0.0,0.0,0.0,0.0,0.0,0.0,0.0,0.0,1.0,0.0,0.07642491936580201,0.33328158880367365,0.0,0.0,0.0,0.0,0.0,0.0,0.0,0.0,0.0,0.044634188011041714,0.0,0.0,0.0,0.0,0.0,0.0,0.0,0.0,0.0,0.0
692198,0.0,0.0,0.0,0.0,0.0,0.0,0.0,0.0,0.0,0.0,0.0,0.0,0.04331073465775926,0.03429441596680634,0.0,0.0,0.0,0.0,0.07244650134515733,0.0,0.04674194493957367,0.05384071497392062,0.04862142716055934,0.13672854510727106,0.0,0.08049776239036276,0.08049776239036276,0.0,0.0,0.08571418773758174,0.0,0.0,0.0,0.0,0.0,0.0,0.0,0.0,0.0,0.0,0.0,0.0,0.0,0.0,0.0,0.0,0.10991631715975235,0.0,0.0,0.0,0.12153226393687702,0.0,0.0,0.0,0.0,0.18487583245215572,0.0,0.0,0.0,0.0,0.0,0.0,0.0,0.0,0.0,0.0,0.0,0.0,0.0,0.0,0.0858336920722615,0.0,0.0,0.0,0.0,0.0,0.0,0.0,0.0,0.0,0.0,0.0,0.0,0.0,0.0,0.0,0.0,0.0,0.0,0.0,0.0,0.13392189937241392,0.06053964687835966,0.0,0.0,0.0,0.0,0.0,0.0,0.0,0.0,0.0,0.0,0.0,0.0,0.0,0.0,0.0,0.0,0.0,0.0,0.0,0.0,0.0,0.0,0.0,0.0,0.0,0.0,0.0,0.04261998311817656,0.0,0.0,0.0,0.0,0.0,0.0,0.0,0.0,0.0,0.0,0.0,0.0,0.0,0.0,0.0,0.0,0.09117021435454806,0.0,0.0,0.0,0.0,0.0,0.0,0.0,0.0,0.0,0.09217780078199089,0.0776622655068413,0.0,0.0,0.0,0.0,0.0,0.0,0.0,0.0,0.0,0.0,0.06928140421014102,0.0,0.0,0.0,0.08494193145363386,0.0,0.0,0.0,0.0,0.0,0.0,0.0,0.0,0.0,0.0,0.0,0.0,0.0,0.0,0.0,0.0,0.0,0.0,0.0,0.0,0.0,0.0554877652409834,0.0,0.0,0.0,0.10491810561343645,0.0,0.0,0.0,0.0,0.0,0.0,0.0,1.0,0.0,0.0,0.0,0.11982881597717542,0.0,0.0,0.0,0.12052679398234462,0.0,0.0,0.0,0.04256073359586917,0.0,0.0,0.0,0.0,0.0,0.0,0.0,0.0,0.0,0.0
26770,0.0,0.0,0.0,0.06252172221708506,0.0,0.0,0.24135013333618127,0.0,0.03882043074493611,0.0,0.0433313514286059,0.0,0.11076938268317436,0.11833600018523915,0.0,0.29760114832819545,0.08545468674290264,0.0,0.04606482204335812,0.0,0.06034177161203514,0.0,0.03132712257075149,0.082000507743082,0.0,0.0,0.0,0.0,0.05900150347048783,0.0,0.0,0.0,0.0,0.0,0.0,0.0,0.0,0.0,0.0,0.05618474437387853,0.0,0.0,0.0,0.0,0.0,0.0,0.0,0.0,0.0,0.0,0.0,0.0,0.0,0.0,0.0,0.0,0.0,0.0,0.0,0.0,0.0,0.0,0.0,0.0,0.0,0.0,0.0,0.0,0.0,0.0,0.11736489995812022,0.0,0.0,0.0,0.0,0.0,0.0,0.0,0.0,0.0,0.0,0.0,0.0,0.0,0.0,0.0,0.07554663821950401,0.0,0.06446704903614447,0.0,0.0,0.041982477325865214,0.0,0.0,0.06669894211173227,0.0,0.06006669581799006,0.05200779009174489,0.0,0.0,0.0,0.0,0.054004032124797555,0.0,0.045474418369974595,0.0,0.0,0.03637230651220806,0.0,0.0,0.08392439364275144,0.08582838944399944,0.09012294432131372,0.0,0.0,0.1501280959421199,0.0,0.0,0.25191410710032247,0.0,0.028795217523549462,0.0,0.05002818960244976,0.0,0.1784318264674693,0.0,0.0,0.0,0.0,0.0,0.0,0.10369229213732611,0.0,0.09125430183266378,0.0,0.0,0.0,0.1286151911792693,0.0,0.0,0.0,0.0,0.0,0.0,0.0,0.0,0.0,0.03200000000000001,0.0,0.0,0.0,0.0,0.0,0.0,0.055003098661756754,0.0,0.0,0.0,0.0,0.0,0.0,0.0,0.0,0.11929796992497282,0.0,0.0,0.0,0.0,0.0,0.0,0.0,0.0,0.0,0.29114029589394286,0.0,0.0,0.0,0.0,0.0,0.0,0.0,0.10426503088636292,0.0,0.0,0.0,0.0,0.060104371522728996,0.0,0.0,0.0,0.0,0.0,0.0,0.0,0.0,0.0,0.07642491936580201,0.0,1.0,0.0759960798178014,0.0,0.0,0.0,0.0,0.0,0.07375803953701447,0.0,0.0,0.0,0.060061693737517206,0.0,0.0,0.0,0.0,0.0,0.0,0.0,0.0,0.0,0.05900150347048783
26774,0.0,0.0,0.0,0.0,0.0,0.0,0.0,0.06234824607962202,0.0,0.0,0.0,0.0,0.0,0.0,0.0,0.0,0.04243627091106037,0.0,0.0,0.0,0.054765795097708625,0.060406466428772204,0.11572743352005915,0.0,0.0,0.0,0.0,0.0,0.0,0.0,0.0,0.0,0.23893030066622975,0.0,0.0,0.0,0.0,0.0,0.0,0.0,0.0,0.0,0.0,0.0,0.0,0.0,0.0,0.0,0.0,0.0,0.0,0.0,0.0,0.0,0.0,0.0,0.0,0.0,0.0,0.0,0.0,0.0,0.0,0.0,0.0,0.0,0.0,0.0,0.0,0.0,0.0,0.0,0.0,0.0,0.0,0.0,0.0,0.0,0.0,0.0,0.0,0.0,0.0,0.0,0.0,0.0,0.0,0.0,0.0,0.0,0.0,0.0,0.0,0.0,0.0,0.06817169498113956,0.27747951847188734,0.0,0.0,0.0,0.0,0.0,0.0,0.0,0.0,0.0,0.0,0.0,0.08064799563957611,0.0,0.0,0.0,0.0,0.0,0.0,0.0,0.0,0.0,0.0,0.0,0.0,0.0,0.0,0.0,0.0,0.0,0.0,0.0,0.0,0.071673307437814,0.0,0.0,0.0,0.0,0.24716648341273437,0.0,0.0,0.0,0.0,0.0,0.0,0.0,0.0,0.0,0.0,0.0,0.0,0.0,0.0,0.0,0.0,0.0,0.0,0.0,0.0,0.0,0.0,0.0,0.0,0.0,0.0,0.0,0.0,0.0,0.0,0.0,0.0,0.0,0.0,0.12500000000000003,0.0,0.0,0.0,0.06033280901716041,0.0,0.0,0.0,0.0,0.0,0.0,0.0,0.0,0.0,0.0,0.0,0.0,0.0,0.0,0.0,0.0,0.0,0.0,0.0,0.0,0.0,0.0,0.33328158880367365,0.0,0.0759960798178014,1.0,0.0,0.0,0.0,0.0,0.0,0.0,0.0,0.0,0.0,0.044327211530149284,0.0,0.0,0.0,0.0,0.0,0.0,0.0,0.0,0.0,0.0
26769,0.0,0.0,0.0,0.0,0.0,0.0,0.0,0.0,0.0,0.0,0.0,0.0,0.0,0.0,0.0,0.0,0.0,0.0,0.0,0.0,0.0,0.0,0.0,0.0,0.0,0.0,0.0,0.0,0.0,0.0,0.0,0.0,0.0,0.0,0.0,0.0,0.0,0.0,0.0,0.0,0.0,0.0,0.0,,,0.0,0.0,0.0,0.0,0.0,0.0,0.0,,0.0,,0.0,,0.0,,,0.0,0.0,,0.0,0.0,0.0,0.0,0.0,0.0,0.0,0.0,0.0,0.0,0.0,0.0,0.0,0.0,0.0,0.0,0.0,0.0,0.0,0.0,0.0,0.0,0.0,0.0,0.0,0.0,,0.0,0.0,0.0,0.0,0.0,0.0,0.0,0.0,0.0,0.0,0.0,0.0,0.0,0.0,0.0,0.0,0.0,0.0,0.0,0.0,0.0,0.0,0.0,0.0,0.0,0.0,0.0,0.0,0.0,0.0,0.0,0.0,0.0,0.0,0.0,0.0,0.0,,0.0,0.0,0.0,0.0,0.0,0.0,0.0,0.0,0.0,0.0,0.0,0.0,0.0,0.0,0.0,0.0,0.0,0.0,0.0,0.0,0.0,0.0,0.0,0.0,0.0,0.0,0.0,0.0,0.0,0.0,0.0,0.0,0.0,0.0,0.0,0.0,,0.0,0.0,0.0,0.0,0.0,0.0,0.0,0.0,0.0,0.0,0.0,0.0,0.0,0.0,0.0,0.0,0.0,,0.0,0.0,0.0,0.0,0.0,0.0,0.0,0.0,,0.0,0.0,0.0,0.0,0.0,0.0,0.0,0.0,,0.0,0.0,0.0,0.0,0.0,0.0,0.0,0.0,0.0,0.0,0.0,0.0,0.0,0.0,0.0,0.0,0.0,0.0,0.0
25826,0.0,0.0,0.0,0.02453894591222588,0.019762252424968013,0.031142719324032966,0.0,0.027567895181935483,0.029471357435417202,0.0,0.0,0.0,0.017926820692421082,0.016332384949382283,0.0,0.0,0.07025132390409959,0.0,0.01748536921052502,0.0,0.04506533626953127,0.0,0.024448678944367065,0.0,0.0,0.08555621652233934,0.08555621652233934,0.0,0.0,0.0,0.06965704647941373,0.0,0.0,0.0,0.10360426809862906,0.0,0.0,0.0,0.0,0.0,0.0,0.0,0.0,0.0,0.0,0.0,0.0,0.0,0.0,0.0,0.0,0.0,0.0,0.0,0.0,0.0,0.0,0.0,0.0,0.0,0.0,0.0,0.0,0.0,0.0,0.0,0.0,0.0,0.0,0.0,0.0,0.0,0.0,0.0,0.0,0.0,0.03798996714749264,0.04387743231405495,0.04387743231405495,0.0276137662334377,0.04387743231405495,0.04387743231405495,0.04387743231405495,0.04544575570285663,0.070751536069038,0.03692268058976552,0.0,0.0,0.0,0.0,0.0,0.07188037897671146,0.11494101255847727,0.0,0.027414523184924437,0.0,0.0,0.0,0.0,0.0,0.0,0.040185309994269953,0.04177049709038549,0.0,0.07747268349231068,0.044368559463238845,0.0,0.0,0.0,0.0,0.0,0.06380387675838647,0.0,0.0,0.0,0.0,0.0,0.0,0.0,0.0,0.0,0.0,0.041666666666666664,0.0,0.0,0.043936053740114306,0.0,0.0,0.0,0.0,0.0,0.04246841108152018,0.0,0.0,0.0,0.0,0.0590157311044865,0.049740225957341254,0.035725679053161964,0.0,0.016409995708600245,0.0,0.0,0.016409995708600245,0.0,0.0,0.0,0.09578718330184316,0.04454923741628058,0.0,0.0,0.0,0.0,0.0,0.0,0.0,0.0,0.0,0.0,0.08385811354933224,0.0,0.0,0.0,0.046237134737183105,0.0,0.0,0.0,0.0,0.0,0.05421293789762005,0.0,0.0,0.0,0.0,0.0,0.0,0.0,0.0,0.0,0.0,0.0,0.04235285118023926,0.0,0.0,0.0,0.0,0.048377204378763944,0.0,0.0,0.0,0.14103934420933417,0.0,0.0,0.048377204378763944,0.05077473625558905,0.0,0.0,0.11982881597717542,0.0,0.0,0.0,1.0,0.0,0.0,0.0,0.0,0.02205362526561572,0.023222522306360745,0.02498868926153899,0.0,0.0,0.0,0.0,0.0,0.0,0.0,0.0,0.0,0.0,0.046285172548617394
116937,0.0,0.0,0.0,0.024954593909048233,0.0,0.0,0.0,0.0,0.0,0.0,0.0,0.01923464325007262,0.02080647758932893,0.017721045008655303,0.0,0.0,0.022242227753206334,0.034044946352947345,0.018493943819116704,0.033775251787530464,0.02396827765502571,0.05862386680498331,0.0,0.0,0.0,0.08883116174096753,0.08883116174096753,0.0,0.0,0.0,0.0,0.0,0.0,0.0,0.0,0.0,0.0,0.0,0.0,0.0,0.0,0.0,0.0,0.0,0.0,0.0,0.0,0.0,0.0,0.0,0.0,0.0,0.0,0.0,0.0,0.0,0.0,0.0,0.0,0.0,0.0,0.0,0.0,0.09505929686627992,0.09530743070588638,0.09505929686627992,0.09530743070588638,0.09505929686627992,0.09530743070588638,0.0900562545576866,0.09505929686627992,0.10065092205562955,0.0900562545576866,0.09505929686627992,0.09505929686627992,0.09505929686627992,0.03978067222105864,0.0,0.0,0.0,0.0,0.0,0.0,0.0,0.0,0.038290489800207765,0.0,0.031341738571592906,0.0,0.0,0.0,0.0,0.03426680601893335,0.0,0.0,0.0,0.0,0.0,0.0,0.0,0.0,0.0,0.0,0.0,0.0,0.0,0.0,0.0,0.0,0.06798492767644937,0.0,0.0,0.0,0.0,0.0,0.0,0.0,0.0,0.0,0.0,0.0,0.0,0.0,0.0,0.0,0.0,0.0,0.0,0.0,0.0,0.04525457494180184,0.0,0.0,0.0,0.0,0.0,0.0,0.0,0.0,0.0,0.017266662016130085,0.017266662016130085,0.017266662016130085,0.017266662016130085,0.017266662016130085,0.0,0.0,0.026627814802861728,0.043314879609848055,0.06978406945274836,0.0,0.0,0.0,0.0,0.0,0.0,0.04027663601828256,0.0,0.0,0.0,0.0,0.0,0.015586574641386896,0.04620561853019849,0.0,0.0,0.0,0.0,0.0,0.056975808195722386,0.0,0.0,0.0,0.0,0.0,0.0,0.0,0.0,0.0,0.03740653749603439,0.03740653749603439,0.0,0.0,0.0,0.0,0.0,0.0,0.0,0.0,0.0,0.0,0.0,0.0,0.0,0.04942577927390624,0.0,0.0,0.0,0.0,0.0,0.0,0.0,1.0,0.310213981605563,0.05914014861731403,0.0,0.0,0.0,0.0,0.024098154261117378,0.0,0.0,0.0,0.04607997678301394,0.0,0.0,0.0,0.028424666798894677,0.0,0.0
116938,0.0,0.0,0.0,0.07714477984724057,0.0,0.0,0.0,0.0,0.0,0.07449936935143145,0.04705469873173848,0.015064443878625685,0.0,0.0,0.02218047012650199,0.021962782796674005,0.01670255916372023,0.0,0.026170953351580435,0.022412355213713136,0.016176862346971087,0.06265217870124212,0.0,0.0,0.0,0.06237210784895447,0.06237210784895447,0.0,0.0,0.0,0.0,0.03731684484552449,0.0,0.0,0.04993693347174566,0.0,0.0,0.0,0.0,0.0,0.0,0.0,0.0,0.0,0.0,0.0430798676307542,0.0,0.0,0.0,0.0,0.0,0.0,0.0,0.0,0.0,0.0,0.0,0.0,0.0,0.0,0.0,0.0,0.0,0.06690461026146073,0.0672992347294825,0.06690461026146073,0.0672992347294825,0.06690461026146073,0.0672992347294825,0.06444103315496989,0.06690461026146073,0.06956403961961152,0.09987972610311492,0.06690461026146073,0.06690461026146073,0.06690461026146073,0.05755910047051328,0.0,0.0,0.02075496226920403,0.0,0.0,0.0,0.0,0.0,0.05601703629019905,0.0,0.021227600163866833,0.0,0.0,0.0,0.0,0.0,0.0,0.0,0.0,0.0,0.0,0.028458335327933678,0.0,0.06310091188989801,0.0,0.0,0.0,0.0,0.0,0.04041885340222702,0.0,0.0,0.0,0.0,0.0,0.0,0.0,0.0,0.0,0.0,0.0,0.0,0.0,0.0,0.0,0.0,0.03669192810000183,0.0,0.0,0.0,0.0,0.0,0.0,0.06650923607754203,0.0,0.0,0.026805069932287866,0.0,0.0,0.0,0.0,0.0,0.0,0.01213706337384184,0.024572363075577013,0.024572363075577013,0.01213706337384184,0.024572363075577013,0.0,0.0,0.022919946114418926,0.033230800940623306,0.027846615354056126,0.0,0.0,0.0,0.0,0.0,0.0,0.031939816667786065,0.0,0.0,0.0,0.0,0.039120838622017366,0.0,0.0,0.0,0.04783103999911506,0.0,0.0,0.027803935964903773,0.039735099337748346,0.0,0.0,0.0,0.0,0.0,0.0,0.0,0.0,0.0,0.0,0.0,0.0,0.0,0.0,0.03345294713251354,0.022093570600364404,0.0,0.0,0.0,0.034692282358459864,0.0,0.0,0.0,0.0,0.03780702455488239,0.0,0.0,0.0,0.0,0.0,0.0,0.0,0.310213981605563,1.0,0.0,0.0,0.0,0.0,0.0,0.03787112493035641,0.0,0.0,0.0,0.0699559611235091,0.0,0.03572693212652023,0.06466180030402194,0.01959197294670326,0.0,0.0
692199,0.0,0.0,0.0,0.0,0.0,0.0,0.0,0.0,0.0,0.0,0.0,0.0,0.0,0.0,0.0,0.0,0.0,0.0,0.0,0.0,0.0,0.0,0.0,0.0,0.0,0.0,0.0,0.0,0.0,0.0,0.0,0.0,0.0,0.0,0.0,0.0,0.0,0.0,0.0,0.0,0.0,0.0,0.0,0.0,0.0,0.0,0.0,0.0,0.0,0.0,0.0,0.0,0.0,0.0,0.0,0.0,0.0,0.0,0.0,0.0,0.0,0.0,0.0,0.0,0.0,0.0,0.0,0.0,0.0,0.0,0.09256260020339246,0.0,0.0,0.0,0.0,0.0,0.0,0.0,0.0,0.0,0.0,0.0,0.0,0.0,0.0,0.0,0.0,0.0,0.0,0.0,0.0,0.0,0.0,0.0,0.0,0.0,0.0,0.0,0.0,0.0,0.0,0.0,0.09521101037789916,0.0,0.0,0.0,0.0,0.069003670696984,0.0,0.0,0.0,0.0,0.0,0.0,0.0,0.07015985767787955,0.0,0.0,0.0,0.0,0.0,0.0,0.0,0.0,0.0,0.0,0.0,0.0,0.09466975699829006,0.0,0.0,0.0,0.0,0.0,0.0,0.0,0.0,0.0,0.0,0.0,0.0,0.0,0.0,0.0,0.0,0.0,0.0,0.0,0.0,0.0,0.0,0.0,0.0,0.0,0.0,0.0,0.0,0.0,0.0,0.0,0.0,0.0,0.0,0.0,0.0,0.0,0.0,0.0,0.0,0.0,0.0,0.0,0.0,0.0,0.0,0.0,0.0,0.0,0.0,0.0,0.0,0.0,0.0,0.0,0.0,0.0,0.0,0.0,0.0,0.0,0.0,0.0,0.0,0.0,0.0,0.0,0.0,0.0,0.0,0.0,0.0,0.0,0.05914014861731403,0.0,1.0,0.0,0.0,0.0,0.0,0.0,0.0,0.0,0.0,0.0,0.06630697502607202,0.0,0.0,0.0,0.0,0.0
641648,0.0,0.0,0.0,0.0,0.0,0.0,0.11785446511063837,0.0,0.07152218178779816,0.0,0.0,0.0,0.058311636717674746,0.13087189923229725,0.0,0.0745009815314911,0.0,0.0,0.0,0.0,0.11637504873600858,0.0,0.0,0.0,0.0,0.0,0.0,0.0,0.0,0.09427779500830634,0.0,0.0,0.0,0.0,0.0,0.0,0.0,0.0,0.0,0.0,0.0,0.0,0.0,0.0,0.0,0.0,0.0,0.0,0.0,0.0,0.0,0.0,0.0,0.0,0.0,0.0,0.0,0.0,0.0,0.0,0.0,0.0,0.0,0.0,0.0,0.0,0.0,0.0,0.0,0.0,0.20587691791279014,0.0,0.0,0.0,0.0,0.0,0.0,0.0,0.0,0.0,0.0,0.0,0.0,0.0,0.0,0.0,0.0,0.0,0.0,0.0,0.0,0.0,0.0,0.0,0.04745629225309054,0.0,0.0,0.0,0.0,0.0,0.0,0.0,0.0,0.0,0.0,0.0,0.0,0.0,0.0,0.0,0.0,0.0,0.0,0.0,0.0,0.0710134208519073,0.0,0.0,0.14261174644971084,0.0,0.09160654039862201,0.0,0.0,0.0,0.0,0.0,0.0,0.0,0.0,0.0,0.0,0.0,0.0,0.0,0.0,0.0,0.0,0.20868399530593015,0.0,0.0,0.0,0.0,0.0,0.0,0.0,0.07145806477634255,0.0,0.0,0.0,0.0,0.0,0.0,0.0,0.0,0.0,0.0,0.0,0.0,0.0,0.0,0.0,0.0,0.0,0.19371668685747734,0.0,0.0,0.0,0.0,0.0,0.0,0.0,0.0,0.0,0.058298606915471944,0.0,0.0,0.0,0.0,0.0,0.0,0.0,0.0,0.0,0.0,0.0,0.0,0.0,0.0,0.0,0.0,0.0,0.0,0.0,0.0,0.0,0.0,0.0,0.12052679398234462,0.07375803953701447,0.0,0.0,0.0,0.0,0.0,0.0,1.0,0.0,0.0,0.0,0.04277426619138453,0.0,0.0,0.0,0.0,0.0,0.0,0.0,0.0,0.0,0.0
692202,0.0,0.0,0.0,0.015010923806881776,0.011765087877025328,0.01819368080557756,0.0,0.01649193371264227,0.0,0.0,0.0,0.09641301037287717,0.010221619339817948,0.0,0.0,0.0,0.057961640501972146,0.018088451534676347,0.10293248144960501,0.0,0.012978633503961738,0.0,0.0,0.0,0.0,0.0,0.0,0.0,0.0,0.0,0.06527213308637862,0.0,0.0,0.027031754514229813,0.0,0.0,0.0,0.0,0.0,0.0,0.0,0.0,0.0,0.0,0.0,0.0,0.0,0.0,0.0,0.0,0.0,0.03308571152964342,0.0,0.0,0.0,0.0,0.0,0.0,0.0,0.0,0.0,0.0,0.0,0.0,0.0,0.0,0.0,0.0,0.0,0.0,0.0,0.0,0.0,0.0,0.0,0.0,0.0,0.0,0.0,0.0,0.0,0.0,0.0,0.0,0.0,0.0,0.0,0.017045390913331855,0.0,0.0,0.0,0.0,0.02244329649466119,0.0,0.0,0.02093225633593273,0.0,0.04740742460708284,0.0,0.0,0.0,0.0,0.0,0.0,0.0,0.0,0.0,0.016017984073096684,0.0,0.0,0.0,0.0,0.0,0.0,0.0,0.0,0.0,0.03402598284074717,0.0,0.024144598332695846,0.0,0.1120858112294203,0.0,0.03032704957893368,0.0,0.0,0.0,0.0,0.0,0.0,0.0,0.026818062584645277,0.0,0.0,0.0,0.0,0.0,0.0,0.0,0.0,0.0,0.0,0.0,0.0,0.0,0.0,0.037652617458964824,0.0,0.0,0.0,0.0,0.0,0.0,0.0,0.0,0.0,0.0,0.0,0.0,0.0,0.0,0.0,0.0,0.0,0.0,0.0,0.03413931781745703,0.0,0.0,0.0,0.0,0.10912131687851367,0.08880940591602565,0.06430393856394123,0.0,0.0,0.030796071662472873,0.028926429793362293,0.0,0.04712078385305692,0.04712078385305692,0.0,0.0,0.0,0.02749042795649895,0.05665715791078695,0.0,0.0,0.0,0.0,0.025706300272335822,0.0,0.0,0.0,0.0,0.0,0.0,0.0,0.0,0.0,0.0,0.02205362526561572,0.0,0.0,0.0,0.0,1.0,0.45652834735323183,0.21154380304817713,0.0,0.0,0.0,0.02744822082357625,0.0,0.0,0.06042058987324199,0.05373392468532376,0.015820633233303193,0.0,0.0
692203,0.0,0.0,0.0,0.0,0.012658552142303041,0.040113583180666934,0.0,0.01771106822960482,0.0,0.0,0.0,0.027237424528277807,0.011130390713564888,0.010408441901965585,0.0,0.0,0.06178569405372062,0.019553047964678407,0.05892917660609314,0.0,0.014003927742810526,0.0,0.0,0.0,0.0,0.0,0.0,0.0,0.0,0.0,0.04532769452337717,0.0,0.0,0.02933273300452634,0.0,0.0,0.0,0.0,0.0,0.0,0.0,0.0,0.0,0.0,0.0,0.0,0.0,0.0,0.0,0.0,0.0,0.07440962654144624,0.0,0.0,0.0,0.0,0.0,0.0,0.0,0.0,0.0,0.0,0.0,0.0,0.0,0.0,0.0,0.0,0.0,0.0,0.0,0.0,0.0,0.0,0.0,0.0,0.0,0.0,0.0,0.0,0.0,0.0,0.0,0.0,0.0,0.0,0.0,0.0,0.0,0.0,0.0,0.0,0.023728182915404693,0.0,0.0,0.02231843474328771,0.0,0.05120667394493213,0.0,0.0,0.0,0.0,0.0,0.0,0.0,0.0,0.0,0.017291389035697893,0.0,0.0,0.0,0.0,0.0,0.0,0.0,0.0,0.0,0.0366703762724369,0.0,0.025985795869894208,0.0,0.04112438878121423,0.0,0.03230778966840688,0.0,0.0,0.0,0.0,0.0321179462943878,0.0,0.0,0.028329188378762655,0.0,0.0,0.0,0.0,0.0,0.0,0.0,0.0,0.0,0.021403694678721823,0.021403694678721823,0.0,0.021403694678721823,0.0,0.0,0.0,0.0,0.0,0.0,0.0,0.0,0.0,0.0,0.0,0.028542245828921436,0.0,0.0,0.0,0.02857165385995206,0.0,0.0,0.0,0.0,0.0,0.0,0.0,0.0,0.0,0.0,0.07536926428521093,0.060991999512162345,0.04456129384337457,0.0,0.0,0.032981805693562107,0.0,0.0,0.05024734466171777,0.05024734466171777,0.0,0.0,0.0,0.0,0.03961013827858647,0.0,0.0,0.0,0.0,0.027578635478467353,0.0,0.0,0.0,0.0,0.0,0.0,0.0,0.0,0.0,0.0,0.023222522306360745,0.0,0.0,0.0,0.0,0.45652834735323183,1.0,0.3043549562264415,0.0,0.0,0.0,0.06117445540957152,0.0,0.0,0.06469007816318187,0.057084504665003505,0.017023766329703,0.0,0.0
692204,0.0,0.0,0.0,0.0,0.043479536186281025,0.0,0.0,0.01964788167313057,0.0,0.0,0.0,0.01452167378628981,0.025577912348889353,0.011623586072918645,0.0,0.0,0.0327639224635296,0.044821994444538764,0.012489476786274559,0.0,0.03180355772060611,0.0,0.0174462294214444,0.0,0.0,0.0,0.0,0.0,0.0,0.0,0.04957822304043039,0.0,0.0,0.10630041767615293,0.0,0.0,0.0,0.0,0.0,0.0,0.0,0.0,0.0,0.0,0.0,0.0,0.0,0.0,0.0,0.0,0.0,0.0,0.0,0.0,0.0,0.0,0.0,0.0,0.0,0.0,0.0,0.0,0.0,0.0,0.0,0.0,0.0,0.0,0.0,0.0,0.0,0.0,0.0,0.0,0.0,0.0,0.0,0.0,0.0,0.0,0.0,0.0,0.0,0.0,0.0,0.0,0.0,0.020533814340892576,0.0,0.0,0.0,0.0,0.02568939215595353,0.0,0.0,0.024480208320416547,0.0,0.05733375822223394,0.0,0.0,0.0,0.0,0.0,0.0,0.0,0.0,0.0191672469285176,0.0,0.0,0.0,0.0,0.0,0.0,0.0,0.0,0.0,0.0,0.0,0.0,0.0,0.0,0.14426583354092493,0.0,0.07337693265152742,0.0,0.0,0.0,0.0,0.11364970980363065,0.02719445522778503,0.0,0.030630751447037554,0.03164318932540713,0.0,0.0,0.0,0.0,0.0,0.0,0.0,0.0,0.0,0.0,0.0,0.0,0.0,0.046268209301395954,0.0,0.0,0.0,0.0,0.0,0.0,0.0,0.0,0.0,0.13552586749589707,0.0,0.0,0.0,0.03125033689337034,0.0,0.0,0.0,0.0,0.0,0.04212723791144237,0.0,0.0,0.0,0.0,0.13084855911667229,0.10295538802536802,0.0746523206071944,0.0,0.0,0.03642966188222068,0.03492110512769378,0.0,0.05512480134083463,0.05512480134083463,0.0,0.0,0.0,0.03228474517213239,0.04358887988406249,0.0,0.0,0.0,0.0,0.030545390748656722,0.0,0.0,0.0,0.0,0.0,0.0,0.0,0.0,0.0,0.0,0.02498868926153899,0.0,0.0,0.0,0.0,0.21154380304817713,0.3043549562264415,1.0,0.0,0.0,0.0,0.1069856735197204,0.0,0.0,0.07141987513528672,0.0622615681638465,0.018944981497548096,0.0,0.032880590353452775
692205,0.05076517078806202,0.02190284439346399,0.0,0.03766043021699966,0.0,0.0,0.0413038616098584,0.0,0.022915312766237244,0.025669151896089933,0.0,0.029630591251122895,0.014576776399953742,0.06742512999604741,0.07417409841884658,0.07356430682760887,0.01663684826643898,0.0,0.013496069978766189,0.04946676443157072,0.09270852084881404,0.0,0.0,0.04700091448870882,0.0,0.0,0.0,0.0,0.03516260139714943,0.0,0.0,0.0,0.0,0.0,0.04735764681821983,0.0,0.0,0.0,0.0,0.0,0.0,0.0,0.0,0.0,0.0,0.0,0.04061273198983702,0.0,0.0,0.0,0.043397071466331184,0.0,0.0,0.0,0.0,0.0,0.0,0.0,0.0,0.0,0.0,0.0,0.0,0.0,0.0,0.0,0.0,0.0,0.0,0.0,0.033217942140504664,0.0,0.0,0.0,0.0,0.0,0.05973718933335432,0.0342347216801454,0.0342347216801454,0.04091431941070375,0.0342347216801454,0.0342347216801454,0.0342347216801454,0.03573298840624136,0.025007530455986048,0.05769532800333465,0.0,0.0,0.0,0.0,0.0,0.052860064348236833,0.025886007563034767,0.0,0.10927905635545465,0.0,0.0,0.0,0.0,0.0,0.06911904348775104,0.0,0.0,0.0,0.0,0.0,0.021201409013404345,0.021360318915937322,0.0,0.10138220108338557,0.0,0.0,0.026884324086107622,0.06554420553594713,0.0,0.0883516893826354,0.0,0.0,0.13587407403267418,0.0,0.03622752306652599,0.0,0.03071918228012818,0.0,0.05083871753904917,0.06699544211646843,0.04976329026591885,0.0,0.0,0.0,0.0,0.0,0.0,0.026742749003302504,0.0,0.0,0.0,0.03679460236080477,0.025591606497387485,0.0,0.025586843772803965,0.012631817713204829,0.012631817713204829,0.025586843772803965,0.012631817713204829,0.0,0.0,0.06512665962808918,0.10435079205532938,0.0,0.0,0.0,0.0,0.0,0.0,0.0,0.0,0.06707441898918838,0.09207951112624088,0.029319891924383192,0.0,0.0,0.012372506103127711,0.07100759089153824,0.0,0.0,0.0,0.0,0.0,0.041303317459500576,0.0,0.0,0.0,0.04956384338704863,0.0,0.0,0.0,0.0,0.0,0.0,0.0,0.0,0.0,0.0,0.03387555529335095,0.0701943862675382,0.0,0.0,0.0,0.0,0.0676311566469501,0.0,0.0,0.0,0.0,0.03892039548013681,0.044634188011041714,0.04256073359586917,0.060061693737517206,0.044327211530149284,0.0,0.0,0.024098154261117378,0.03787112493035641,0.0,0.04277426619138453,0.0,0.0,0.0,1.0,0.0,0.0,0.0,0.0,0.0,0.0,0.0,0.020612652960718424,0.0,0.0
692206,0.0,0.0,0.05616292499645775,0.0,0.0,0.0,0.0,0.0,0.10414027377923019,0.0,0.0,0.0,0.0,0.028040188961025572,0.0,0.0,0.0,0.0,0.0,0.0,0.03827118100036817,0.0,0.0,0.0,0.0,0.0,0.0,0.0,0.0,0.0,0.0,0.09651892698189933,0.0,0.0,0.0,0.0,0.0,0.0,0.0,0.0,0.0,0.0,0.0,0.0,0.0,0.0,0.0,0.0,0.0,0.0,0.0,0.0,0.0,0.0,0.0,0.0,0.0,0.0,0.0,0.0,0.0,0.0,0.0,0.0,0.0,0.0,0.0,0.0,0.0,0.0,0.0,0.0,0.0,0.0,0.0,0.0,0.0,0.07777986964911408,0.07777986964911408,0.031530165831265125,0.07777986964911408,0.07777986964911408,0.07777986964911408,0.0,0.08547225149318452,0.0,0.0,0.16505915562456533,0.0,0.0,0.0,0.04474323138759104,0.04149102705498221,0.0,0.0,0.0,0.0,0.0,0.0,0.0,0.0,0.0,0.0,0.0,0.0,0.0,0.0,0.04782424813891849,0.0,0.0,0.0,0.0,0.043019934546936256,0.0,0.0,0.0,0.0,0.0,0.0,0.0,0.0,0.019627083229200166,0.0,0.0,0.03795480193231405,0.0,0.0,0.0,0.0,0.0,0.0,0.0,0.07058258715900034,0.04654305993945025,0.0,0.0,0.0,0.0,0.03874043791914294,0.1136252625733788,0.025199056775257054,0.025199056775257054,0.025199056775257054,0.025199056775257054,0.025199056775257054,0.0,0.0,0.0,0.0,0.0,0.0,0.0,0.0,0.0,0.0,0.0,0.0,0.05529208544621385,0.0,0.0,0.0,0.0,0.0,0.0,0.0,0.0,0.0,0.0,0.0,0.0,0.0,0.0,0.05309790489246471,0.040214792441609845,0.0,0.0,0.0,0.08579183250711005,0.0,0.0,0.0,0.0496732705397565,0.0,0.06122448979591835,0.06225973517917572,0.0,0.0,0.0,0.0,0.0,0.0,0.0,0.0,0.0,0.0,0.0,0.0,0.0,0.0,0.0,0.0,0.0,0.0,0.0,0.0,0.0,0.0,0.0,0.0,0.0,1.0,0.0,0.0,0.0,0.0,0.0,0.0,0.0432031910740343,0.0,0.0
692208,0.0,0.0,0.0,0.0,0.0,0.07220643624739653,0.0,0.05466909736612578,0.0,0.0,0.0,0.0,0.0,0.0,0.0,0.0,0.07549380780064553,0.0,0.0,0.0,0.0,0.0,0.0,0.0,0.06568166462951998,0.0774807258106193,0.0774807258106193,0.07950325794898719,0.0,0.0,0.0,0.0,0.0,0.0,0.0,0.0,0.14801899001053412,0.0,0.0,0.0,0.0,0.0,0.0,0.0,0.0,0.0,0.0,0.0,0.0,0.0,0.0,0.0,0.0,0.0,0.0,0.0,0.0,0.0,0.0,0.0,0.0,0.0,0.0,0.0,0.0,0.0,0.0,0.0,0.0,0.0,0.0,0.0,0.07564015242036698,0.0,0.0,0.0,0.0,0.0,0.0,0.0,0.0,0.0,0.0,0.0,0.0,0.0,0.0,0.0,0.0,0.0,0.0,0.0,0.0,0.0,0.04179038387372008,0.0,0.0,0.0,0.0,0.0,0.0,0.0,0.0,0.0,0.0,0.0,0.13051701180805358,0.0,0.0,0.0,0.0,0.0,0.0,0.0,0.0,0.0,0.0,0.0,0.0,0.0,0.038637816658934995,0.0,0.0,0.0,0.0,0.0,0.0,0.0,0.0,0.0,0.0,0.0,0.0,0.0,0.0,0.0,0.0,0.0,0.049368949026138725,0.0,0.0,0.0,0.0,0.0,0.0,0.0,0.0,0.0,0.0,0.0,0.0,0.0,0.0,0.0,0.0,0.0,0.0,0.0,0.0,0.0,0.0,0.0,0.0,0.0,0.0,0.0,0.0,0.0,0.0539955934251944,0.0,0.0,0.0,0.0,0.0,0.0,0.0,0.0,0.0,0.0,0.0,0.0,0.0,0.0,0.0,0.0,0.05181946373404863,0.0,0.11026059522648271,0.1219404935641169,0.0,0.0,0.0,0.0,0.0,0.0,0.0,0.0,0.0,0.0,0.0,0.0,0.0,0.0,0.0,0.0,0.0,0.0,0.0,0.0,0.0,0.0,1.0,0.0,0.0,0.0,0.08621976721778127,0.06568166462951996,0.0,0.0,0.0
692209,0.0,0.0,0.0,0.0,0.0,0.0,0.0,0.0,0.0,0.0,0.0,0.0,0.0,0.0,0.0,0.0,0.0,0.0,0.0,0.07224719241095176,0.04886348524280443,0.0,0.0,0.0,0.0,0.0,0.0,0.0,0.0,0.0,0.0,0.0,0.0,0.0,0.0,0.0,0.0,0.0,0.0,0.0,0.0,0.0,0.0,0.0,0.0,0.0,0.0,0.0,0.0,0.0,0.0,0.0,0.0,0.0,0.0,0.0,0.0,0.2380234438562025,0.0,0.0,0.0,0.0,0.0,0.0,0.0,0.0,0.0,0.0,0.0,0.0,0.0,0.0,0.0,0.0,0.0,0.0,0.0,0.0,0.0,0.0,0.0,0.0,0.0,0.0,0.0,0.0,0.0895291022437253,0.0,0.0,0.0,0.0,0.0,0.0,0.0,0.0,0.05767150393719012,0.0,0.08536574122186162,0.0,0.0,0.0,0.0,0.0,0.0,0.0,0.0,0.0,0.0,0.0,0.0,0.0,0.0,0.0,0.0,0.0,0.0,0.0,0.0,0.0,0.0,0.0,0.0,0.0,0.17898341470695425,0.0,0.0,0.0,0.0,0.0,0.0,0.0,0.0,0.0,0.0,0.0,0.0,0.0,0.0,0.0,0.0,0.06572406677297264,0.06572406677297264,0.06572406677297264,0.06572406677297264,0.06572406677297264,0.06309770546194482,0.0,0.0,0.0,0.0,0.0,0.0,0.0,0.0,0.0,0.0,0.0,0.0,0.0,0.0,0.07110532636814319,0.0,0.0,0.0,0.0,0.0,0.0,0.0,0.0,0.0,0.0,0.0,0.0,0.0,0.0,0.0,0.0,0.0,0.0,0.06147823649995824,0.06147823649995824,0.06217694379835393,0.0,0.0,0.0,0.0,0.0,0.0,0.0,0.0,0.0,0.0,0.0,0.0,0.0,0.0,0.0,0.0,0.0,0.0,0.0,0.0,0.0,0.0,0.0,0.0,0.02744822082357625,0.06117445540957152,0.1069856735197204,0.0,0.0,0.0,1.0,0.0,0.05868892830304155,0.08500510614178827,0.06441213886761891,0.05497195487903688,0.0,0.0
692210,0.0,0.04441538916084533,0.0,0.0,0.030928436369220554,0.0,0.0,0.0,0.0,0.0,0.0,0.0,0.0,0.0,0.048381919885182395,0.0,0.0,0.0,0.0,0.0,0.0,0.04152234921069896,0.03748447544969893,0.0,0.0,0.06209179770425217,0.06209179770425217,0.06665930914941288,0.0,0.0,0.0,0.0,0.0,0.0,0.0,0.0,0.0,0.0,0.0,0.0,0.0,0.0,0.0,0.0,0.0,0.0,0.0,0.0,0.0,0.0,0.0,0.0,0.0,0.0,0.0,0.0,0.0,0.0,0.0,0.0,0.0,0.0,0.0,0.1418802058256965,0.14209827681420206,0.1418802058256965,0.14209827681420206,0.1418802058256965,0.14209827681420206,0.13340015056713325,0.1418802058256965,0.15151157844453958,0.13340015056713325,0.1418802058256965,0.1418802058256965,0.1418802058256965,0.0582526743108139,0.0,0.0,0.0,0.0,0.0,0.0,0.0,0.0,0.055814126621444284,0.042099661642749656,0.0,0.0,0.0,0.0,0.0,0.0,0.0,0.07840529289401187,0.0,0.0,0.0,0.0,0.0,0.0,0.0,0.0,0.0,0.0,0.0,0.0,0.0,0.0,0.0,0.0,0.0,0.0,0.0,0.0,0.0,0.0,0.0,0.0,0.0,0.0,0.024542651489508006,0.0,0.0,0.0,0.0,0.0,0.0,0.0,0.0,0.22865226180919893,0.0,0.0,0.0,0.0,0.0,0.0,0.0,0.0,0.0,0.02509196013157649,0.02509196013157649,0.02509196013157649,0.02509196013157649,0.02509196013157649,0.0,0.0,0.036498970948131274,0.06171132500021456,0.0,0.0,0.0,0.0,0.0,0.06677310291829751,0.0,0.0,0.0,0.0,0.0,0.0,0.0,0.0,0.0,0.0,0.0,0.0,0.0,0.0,0.0,0.0,0.0,0.0,0.0,0.0,0.0,0.0,0.0,0.0,0.0,0.0,0.0,0.0,0.0,0.0,0.0,0.0,0.0,0.0,0.0,0.0,0.0,0.0,0.0,0.0,0.0,0.0,0.0,0.0,0.0,0.0,0.0,0.04607997678301394,0.0699559611235091,0.0,0.0,0.0,0.0,0.0,0.0,0.0,0.0,0.0,1.0,0.0,0.0,0.0,0.0,0.0,0.0
692225,0.0,0.0,0.0,0.0,0.0,0.0,0.0,0.0,0.0,0.0,0.0,0.0,0.0,0.0612243248322639,0.0,0.0,0.0,0.0,0.10508106183850048,0.03862154644604146,0.0,0.0,0.0,0.0,0.0,0.0,0.0,0.0,0.0,0.0,0.0,0.0,0.0,0.0,0.0,0.0,0.0,0.0,0.0,0.0,0.0,0.0,0.0,0.0,0.0,0.0,0.0,0.0,0.0,0.0,0.0,0.0,0.0,0.0,0.0,0.0,0.0,0.11111111111111112,0.0,0.0,0.0,0.0,0.0,0.0,0.0,0.0,0.0,0.0,0.0,0.0,0.0,0.0,0.0,0.0,0.0,0.0,0.0,0.0,0.0,0.0,0.0,0.0,0.0,0.0,0.0,0.0,0.05233990325905441,0.0,0.0,0.0,0.0,0.0,0.0,0.0,0.0,0.03296229957434035,0.0,0.0,0.0,0.0,0.0,0.0,0.0,0.0,0.0,0.0,0.0,0.0,0.0,0.0,0.0,0.0,0.0,0.0,0.0,0.0,0.0,0.0,0.0,0.0,0.022074306156695398,0.02971848782567731,0.0,0.0,0.0,0.0,0.0,0.0,0.0,0.0,0.0,0.0,0.0,0.0,0.0,0.0,0.0,0.0,0.0,0.0,0.03647711799705513,0.03647711799705513,0.03647711799705513,0.03647711799705513,0.03647711799705513,0.03455959183041904,0.0,0.0,0.0,0.0,0.0,0.0,0.0,0.0,0.0,0.0,0.0,0.0,0.0,0.0,0.0,0.0,0.0,0.0,0.0,0.0,0.0,0.0,0.0,0.0,0.0,0.0,0.0,0.0,0.0,0.0,0.0,0.0,0.0,0.035243931592432935,0.035243931592432935,0.03624724293076576,0.0,0.0,0.0,0.02918573718773537,0.0,0.0,0.0,0.0,0.0,0.0,0.0,0.0,0.0,0.0,0.0,0.0,0.0,0.0,0.0,0.0,0.0,0.0,0.06630697502607202,0.0,0.0,0.0,0.0,0.0,0.0,0.0,0.05868892830304155,0.0,1.0,0.0,0.0,0.0,0.0,0.0
619571,0.0,0.0,0.0,0.0,0.0,0.0,0.0,0.15155011927927214,0.0,0.0,0.0,0.0,0.0,0.0,0.0,0.05228272385562364,0.10883282657181109,0.11715339770685136,0.0,0.0,0.0,0.0,0.0,0.0,0.0,0.0,0.0,0.0,0.0,0.0,0.0,0.0,0.0,0.0,0.0,0.0,0.11184734631090183,0.0,0.0,0.0,0.0,0.0,0.0,0.0,0.0,0.0,0.0,0.0,0.0,0.0,0.0,0.0,0.0,0.0,0.0,0.0,0.0,0.0,0.0,0.0,0.0,0.0,0.0,0.0,0.0,0.0,0.0,0.0,0.0,0.0,0.0,0.0,0.0,0.0,0.0,0.0,0.0,0.0,0.0,0.039429063500375804,0.0,0.0,0.0,0.0,0.0,0.0,0.0,0.0,0.0,0.0,0.0,0.0,0.0,0.0,0.0,0.0,0.0,0.14691913525317693,0.06798968868836806,0.0,0.0,0.0,0.0,0.0,0.0,0.0,0.0,0.0,0.0,0.0,0.0,0.0,0.0,0.07000466607382752,0.0,0.0,0.0,0.0,0.0,0.0,0.0,0.0,0.0,0.07667445662274677,0.0,0.0,0.0,0.0,0.0,0.0,0.0,0.0,0.0,0.0,0.0,0.0,0.0,0.0,0.0,0.0,0.027062898925752303,0.027062898925752303,0.027062898925752303,0.027062898925752303,0.027062898925752303,0.0,0.0,0.0,0.0,0.04941631086828291,0.0,0.0,0.0,0.0,0.0,0.0,0.0,0.0,0.0,0.0,0.0,0.09065462887201306,0.0,0.0,0.0,0.0,0.0,0.0,0.05310005827540964,0.0,0.0,0.09214925890630567,0.06553778614035975,0.04879886401677978,0.0,0.0,0.0,0.0,0.0,0.12203540055708412,0.12203540055708412,0.0,0.0,0.0,0.0,0.0,0.0,0.0,0.0,0.0,0.0,0.0,0.0,0.0,0.07533729224112652,0.0,0.0,0.0,0.0,0.0,0.0,0.0,0.0,0.03572693212652023,0.0,0.0,0.06042058987324199,0.06469007816318187,0.07141987513528672,0.0,0.0,0.08621976721778127,0.08500510614178827,0.0,0.0,1.0,0.4166666666666667,0.04521527715462193,0.0,0.0
692226,0.0,0.0,0.0,0.03148870645347216,0.0,0.0,0.0,0.11752263099033843,0.0,0.0,0.0,0.0,0.0,0.0,0.0,0.04030110832805217,0.08973793748731937,0.04209095933551754,0.0,0.0,0.0,0.0,0.0,0.0,0.0,0.0,0.0,0.0,0.0,0.0,0.0,0.0,0.0,0.0,0.0,0.0,0.08406319143397359,0.0,0.0,0.0,0.0,0.0,0.0,0.0,0.0,0.0,0.0,0.0,0.0,0.0,0.0,0.0,0.0,0.0,0.0,0.0,0.0,0.0,0.0,0.0,0.0,0.0,0.0,0.0,0.0,0.0,0.0,0.0,0.0,0.0,0.0,0.0,0.0,0.0,0.0,0.0,0.0,0.0,0.0,0.0,0.0,0.0,0.0,0.0,0.0,0.0,0.03900217581133318,0.0,0.0,0.0,0.0,0.0,0.0,0.0,0.0,0.0,0.0,0.11166201981752484,0.052366719792392206,0.0,0.0,0.0,0.0,0.0,0.0,0.0,0.0,0.0,0.0,0.0,0.0,0.0,0.0,0.05487017823500962,0.0,0.0,0.0,0.0,0.0,0.0,0.0,0.0,0.0,0.1349690809941499,0.0,0.0,0.0,0.0,0.0,0.0,0.0,0.0,0.0,0.0,0.0,0.0,0.0,0.0,0.0,0.0,0.021531668829213473,0.021531668829213473,0.021531668829213473,0.021531668829213473,0.021531668829213473,0.0,0.0,0.0,0.0,0.04388199820005648,0.0,0.0,0.0,0.0,0.0,0.0,0.0,0.0,0.0,0.0,0.0,0.07104517121695596,0.0,0.0,0.0,0.0891848762641379,0.0,0.0,0.04561670553223954,0.0,0.0,0.07386394213871943,0.055587296049707836,0.04115554877188622,0.0,0.0,0.0,0.0,0.0,0.09992321975497787,0.09992321975497787,0.0,0.0,0.0,0.0,0.0,0.0,0.0,0.0,0.0,0.0,0.0,0.0,0.0,0.06354758551137787,0.0,0.0,0.0,0.0,0.0,0.0,0.0,0.0,0.06466180030402194,0.0,0.0,0.05373392468532376,0.057084504665003505,0.0622615681638465,0.0,0.0,0.06568166462951996,0.06441213886761891,0.0,0.0,0.4166666666666667,1.0,0.035397201819711545,0.0,0.0
692223,0.03770624132598651,0.030357162499438792,0.0,0.02295589880862996,0.0,0.0,0.026014837765342226,0.0,0.03247972483101727,0.03954583196744379,0.03911608576237037,0.016170719545885302,0.0,0.037552155236355404,0.0,0.0,0.0,0.0,0.0,0.0,0.025035109409687815,0.027659526542575943,0.02511086250514952,0.0,0.0,0.0,0.0,0.0,0.046209190987728556,0.0,0.02936725651306493,0.0,0.0,0.0,0.024504935231993385,0.0,0.0,0.0,0.0,0.0,0.0,0.0,0.0,0.0,0.0,0.0,0.0,0.0,0.0,0.0,0.0,0.0,0.0,0.0,0.0,0.0,0.0,0.0,0.0,0.0,0.0,0.0,0.0,0.0,0.0,0.0,0.0,0.0,0.0,0.0,0.0,0.0,0.0,0.0,0.0,0.0,0.0,0.0,0.0,0.0,0.0,0.0,0.0,0.0,0.0,0.0,0.0,0.06699569047865345,0.05889986093953342,0.0,0.0,0.0,0.05944820930510726,0.0,0.0,0.0,0.0,0.04342214651792666,0.0,0.0,0.0,0.0,0.0,0.0356355206662925,0.03353144430523844,0.0,0.0,0.0,0.0,0.0,0.0,0.0,0.0,0.0,0.0,0.0,0.0,0.0,0.0,0.04347333735358693,0.042797044353614935,0.028363778702637284,0.0360112495863629,0.044220426480241055,0.0,0.0,0.0,0.0,0.0,0.0,0.0,0.03392848489310114,0.0,0.0,0.0,0.0,0.0,0.0,0.0,0.0,0.0,0.0,0.0,0.0,0.0,0.0,0.0,0.020098959680395077,0.0,0.0,0.0,0.0,0.0,0.0,0.09741518434975206,0.0,0.0,0.03794484380789892,0.0,0.0,0.0,0.0,0.0,0.0,0.0,0.0,0.0,0.0,0.0,0.0,0.0,0.0,0.0,0.0,0.0,0.0,0.0,0.0,0.0,0.10737586150842138,0.10737586150842138,0.0,0.0,0.0,0.0,0.0,0.0,0.0,0.0,0.0,0.0,0.0,0.043731128014125605,0.0,0.0,0.0,0.0,0.0,0.0,0.0,0.0,0.0,0.028424666798894677,0.01959197294670326,0.0,0.0,0.015820633233303193,0.017023766329703,0.018944981497548096,0.020612652960718424,0.0432031910740343,0.0,0.05497195487903688,0.0,0.0,0.04521527715462193,0.035397201819711545,1.0,0.0,0.0
692211,0.0,0.0,0.0,0.0,0.04618263834737926,0.0,0.0,0.0,0.0,0.0,0.08561966316133449,0.0,0.0,0.0,0.07400547978711741,0.0,0.0,0.0,0.0,0.0,0.054335322463647626,0.0,0.0,0.0,0.07951528390020186,0.0,0.0,0.0,0.0,0.21364571413181166,0.0,0.0,0.0,0.0,0.0,0.0,0.0,0.0,0.0,0.0,0.0,0.0,0.0,0.0,0.0,0.0,0.0,0.1128961772355264,0.0,0.0,0.0,0.0,0.0,0.0,0.0,0.0,0.0,0.0,0.0,0.0,0.0,0.0,0.0,0.0,0.0,0.0,0.0,0.0,0.0,0.0,0.0,0.0,0.0,0.0,0.0,0.0,0.0,0.0,0.0,0.0,0.0,0.0,0.0,0.0,0.0,0.0,0.0,0.0,0.0,0.0,0.0,0.0,0.0,0.0,0.0,0.0,0.11958203105271559,0.0,0.0,0.0,0.0,0.0,0.0,0.0,0.0,0.0,0.0,0.0,0.0,0.0,0.16515137834576718,0.0,0.0,0.0,0.0,0.0,0.0,0.0,0.0,0.0,0.0,0.0,0.0,0.0,0.0,0.31085355368314327,0.0,0.0,0.0,0.0,0.0,0.0,0.0,0.0,0.0,0.0,0.0,0.0,0.0,0.0,0.0,0.0,0.0,0.0,0.0,0.0,0.0,0.0,0.0,0.0,0.0,0.0,0.0,0.0,0.0,0.0,0.0,0.0,0.0,0.0,0.0,0.0,0.0,0.0,0.0,0.0,0.0,0.0,0.0,0.0,0.0,0.0,0.0,0.0,0.0,0.0,0.0,0.0,0.0,0.0,0.0,0.07748459138331587,0.0,0.0,0.0,0.0,0.0,0.0,0.0,0.0,0.0,0.0,0.0,0.0,0.0,0.0,0.0,0.0,0.0,0.0,0.0,0.0,0.0,0.0,0.0,0.0,0.0,0.0,0.0,0.0,0.0,0.0,0.0,0.0,0.0,0.0,0.0,0.0,1.0,0.0
692212,0.0,0.0,0.0,0.03823158927040479,0.0,0.0,0.0,0.0,0.0,0.0,0.0,0.0,0.03779803460311891,0.029243037987268957,0.0,0.0,0.0,0.05763930244092439,0.0,0.0,0.0,0.0,0.0,0.0,0.0,0.0,0.0,0.0,0.0,0.0,0.0,0.0,0.0,0.0,0.0,0.0,0.0,0.1167006287600158,0.0,0.07074263604911411,0.0,0.0,0.0,0.0,0.0,0.11493280502716144,0.0,0.08358183134690579,0.0,0.0,0.0,0.0,0.0,0.0,0.0,0.0,0.0,0.0,0.0,0.0,0.0,0.0,0.0,0.0,0.0,0.0,0.0,0.0,0.0,0.0,0.0,0.0,0.0,0.0,0.0,0.0,0.0,0.0,0.0,0.0,0.0,0.0,0.0,0.0,0.04871079199668253,0.0,0.0,0.0,0.0,0.0,0.0,0.0,0.0,0.0,0.0,0.0,0.0,0.0,0.0,0.0,0.0,0.0,0.0,0.0,0.0,0.0,0.0,0.0,0.0,0.0,0.0,0.0,0.0,0.0,0.0,0.0,0.0,0.0,0.09999999999999999,0.0,0.0,0.0,0.0,0.0,0.046285815257521755,0.0,0.0,0.0,0.0,0.05594378553198477,0.0,0.0,0.07667872838592005,0.05407249533860565,0.0,0.0,0.0,0.07518862070882948,0.0,0.0,0.0,0.0,0.0,0.0,0.0,0.05244777707830963,0.0,0.0,0.0,0.0,0.0,0.13656248151532713,0.15882905371745654,0.14618964577058852,0.0,0.0,0.0,0.0,0.0,0.0,0.0,0.0,0.0,0.07017013926426789,0.0,0.0,0.0,0.0,0.0,0.0,0.0,0.0,0.0,0.0,0.0,0.0,0.0,0.0,0.0,0.0,0.0,0.0,0.0,0.0,0.0,0.0,0.0,0.0,0.0921897737917635,0.0,0.0,0.0,0.0,0.0,0.0,0.0,0.0,0.0,0.05900150347048783,0.0,0.0,0.046285172548617394,0.0,0.0,0.0,0.0,0.0,0.0,0.032880590353452775,0.0,0.0,0.0,0.0,0.0,0.0,0.0,0.0,0.0,0.0,1.0
