0,654322,692073,677804,677824,677808,677809,677814,594839,677817,619562,677827,677842,677832,677836,677838,26779,100124538,26775,6080,677823,677847,677798,652966,594837,26771,692234,692235,692200,692227,692229,100113382,692058,692213,692214,692215,767561,767562,767563,767565,767566,767567,767568,767569,767577,767588,767589,767590,767591,767592,767593,767595,767578,767598,767599,767600,767603,767605,767606,767609,767610,767579,767581,767585,338433,100033447,100033450,100033453,100033454,100033603,100033800,100033805,100033806,100033807,100033814,100033816,100033445,100033413,100033427,100033428,100033414,100033431,100033432,100033435,100033436,100033821,100033415,692233,727676,100113378,100113392,692057,100113379,101340252,100113384,101340251,100113380,100113391,100113389,100113393,26765,692084,26822,85388,85389,85390,85391,6079,114599,595097,595098,595099,595100,692089,100113381,677848,677849,677850,619567,6082,6083,9304,692091,26820,9303,9302,9301,9300,9299,9298,26819,26818,26817,26816,84546,26815,26814,26813,26812,94162,94163,780851,26851,780852,780853,780854,26843,26810,26809,26808,26807,26806,26805,26804,692085,94161,26802,26801,26800,692087,26773,26772,692072,26799,692088,26798,26797,26796,26795,26811,26793,26792,26791,26790,100124516,26789,692090,692075,26788,26787,26786,692093,26785,347686,692106,692107,692108,606500,692109,692076,692110,692111,619564,8944,619498,692195,692196,692197,692198,26770,26774,26769,25826,116937,116938,692199,641648,692202,692203,692204,692205,692206,692208,692209,692210,692225,619571,692226,692223,692211,692212
654322,1.0,0.18219489862428656,0.0,0.0,0.0,0.0,0.0,0.0,0.0,0.0,0.0,0.0,0.0,0.0782882399628274,0.04529426137015257,0.0,0.07598482763739738,0.0,0.023792876682685638,0.05001772134434832,0.0,0.0,0.03250987885558802,0.0,0.0,0.0,0.0,0.0,0.0,0.055400375249747044,0.03588540527177485,0.0,0.0,0.08542735431168662,0.0,0.0,0.0,0.0,0.0,0.0,0.0,0.06407361441698789,0.0,0.0,0.0,0.0,0.0,0.0,0.0,0.0,0.0,0.0,0.0,0.0,0.0,0.0,0.0,0.0,0.0,0.0,0.0,0.0,0.0,0.0,0.0,0.0,0.0,0.0,0.0,0.0,0.0,0.0,0.0,0.0,0.0,0.0,0.0,0.0,0.0,0.11366796447880954,0.0,0.0,0.0,0.0,0.11008715340077199,0.0,0.028411312530398608,0.0,0.0,0.0,0.0,0.0,0.0,0.0,0.05638069478275651,0.0387559713080281,0.0,0.0,0.0,0.0,0.0,0.0,0.0,0.0,0.0,0.0,0.0,0.0,0.0,0.0,0.0,0.0,0.035733089013512694,0.0,0.0,0.041165434242600454,0.0,0.0,0.0,0.0,0.0,0.0,0.0,0.0,0.0,0.0,0.0,0.0,0.0,0.0,0.0,0.0,0.0,0.0,0.0,0.0,0.0,0.0,0.0,0.0,0.0,0.0,0.0,0.0,0.0,0.0,0.0,0.0,0.0,0.0,0.0,0.0,0.0,0.0,0.06289207716502017,0.0,0.0,0.0,0.0,0.0,0.0,0.0,0.08059660610739468,0.0,0.0,0.0,0.0,0.0,0.0,0.0,0.12903313692070625,0.0,0.0,0.0,0.0,0.0,0.0,0.0,0.0,0.0,0.0,0.0,0.0,0.0,0.0,0.0,0.0,0.0,0.0,0.0,0.0,0.0,0.11349646588378963,0.0,0.0,0.0,0.0,0.0,0.0,0.0,0.0,0.0,0.0,0.0,0.0,0.0,0.0,0.0,0.0,0.05076517078806202,0.0,0.0,0.0,0.0,0.0,0.0,0.0,0.03770624132598651,0.0,0.0
692073,0.18219489862428656,1.0,0.0,0.0,0.0,0.0,0.05685722815555856,0.0,0.0,0.0,0.0,0.017179199649607173,0.0,0.019567267906957484,0.1605143349737048,0.0,0.0,0.0,0.03959186168649505,0.03846153846153846,0.0,0.029390424689274795,0.11599360831023081,0.0,0.0,0.0,0.0,0.0,0.0,0.0,0.0,0.0,0.0,0.0,0.0,0.0,0.0,0.0,0.0,0.0,0.0,0.05314495510668976,0.0,0.0,0.0,0.0,0.0,0.0,0.0,0.0,0.0,0.0,0.0,0.0,0.0,0.0,0.0,0.0,0.0,0.0,0.0,0.0,0.0,0.0,0.0,0.0,0.0,0.0,0.0,0.0,0.0,0.0,0.0,0.0,0.0,0.0,0.040928796519657897,0.0,0.0,0.04800682204942716,0.0,0.0,0.0,0.0,0.0,0.03870733871908668,0.025843718798292423,0.03444213074281525,0.0,0.0,0.0,0.0,0.030689790160584138,0.0,0.13423320581340678,0.0,0.0,0.0,0.0,0.0,0.0,0.0,0.0,0.037891998480076246,0.0,0.0,0.06833415562564084,0.0,0.0,0.0,0.0,0.0,0.0,0.04620640576276046,0.05326074313596755,0.0,0.0,0.0,0.0,0.0,0.04553310126687508,0.03016160107175117,0.0,0.0,0.0,0.0,0.0,0.0,0.0,0.034898911630178914,0.0,0.0,0.0,0.0,0.0,0.0,0.0,0.0,0.0,0.0,0.0,0.0,0.0,0.0,0.0,0.0,0.0,0.06695440762695659,0.08191477901134019,0.0,0.0,0.0,0.0,0.0,0.049396076611525196,0.0,0.0,0.0,0.0,0.0,0.0,0.0,0.0,0.043816238455742874,0.0,0.0,0.0,0.0,0.0,0.0,0.035100930381895705,0.0,0.0,0.0,0.0,0.0,0.0,0.0,0.0,0.0,0.0,0.0366434188522725,0.0,0.0,0.0,0.029366064057119758,0.0,0.0,0.0,0.0,0.0,0.0,0.09759929279153871,0.0,0.0,0.0,0.0,0.0,0.0,0.0,0.0,0.0,0.0,0.0,0.0,0.0,0.0,0.0,0.0,0.02190284439346399,0.0,0.0,0.0,0.04441538916084533,0.0,0.0,0.0,0.030357162499438792,0.0,0.0
677804,0.0,0.0,1.0,0.0,0.0,0.0,0.0,0.0,0.0,0.0,0.0,0.0,0.0,0.0,0.0,0.0,0.0,0.0,0.0,0.0,0.03237793682362615,0.0,0.0,0.0,0.0,0.0,0.0,0.0,0.0,0.0,0.0,0.0,0.0,0.0,0.0,0.0,0.0,0.0,0.0,0.0,0.0,0.0,0.0,0.0,0.0,0.0,0.0,0.0,0.0,0.0,0.0,0.0,0.0,0.0,0.0,0.0,0.0,0.0,0.0,0.0,0.0,0.0,0.0,0.11162821145213725,0.11107570178835682,0.11162821145213725,0.11107570178835682,0.11162821145213725,0.11107570178835682,0.10214994898671753,0.0,0.05795698587453665,0.0,0.11162821145213725,0.11162821145213725,0.05286357269084413,0.0,0.0,0.0,0.0,0.0,0.0,0.0,0.0,0.0,0.0,0.0,0.04177456388567176,0.0,0.0,0.0,0.0,0.0,0.0,0.05518082863458403,0.0,0.0,0.0,0.0,0.0,0.0,0.0,0.0,0.0,0.0,0.0,0.08433611141422531,0.13196251388900476,0.0,0.0,0.0,0.0,0.0,0.0549462419589753,0.0,0.0,0.0,0.0,0.0,0.0,0.0,0.0,0.0,0.0,0.0,0.0,0.0,0.0,0.0,0.0,0.0,0.0,0.058742813164482266,0.03819424152490173,0.0,0.0,0.0,0.0,0.03142163641073826,0.0,0.06606606540921649,0.06606606540921649,0.06606606540921649,0.06606606540921649,0.06606606540921649,0.0,0.0,0.0,0.0,0.0,0.0,0.0,0.0,0.0,0.0,0.0,0.0,0.0,0.0,0.0,0.0,0.0,0.0,0.0,0.0,0.0,0.11389097347126577,0.0,0.0,0.0,0.0,0.0,0.0,0.0,0.0,0.0,0.0,0.0,0.0,0.0,0.0,0.0,0.0,0.0502423967189616,0.0,0.0,0.0,0.0,0.0,0.0,0.0,0.0,0.0,0.0,0.0,0.0,0.0,0.0,0.0,0.0,0.0,0.0,0.0,0.0,0.0,0.0,0.0,0.0,0.0,0.0,0.05616292499645775,0.0,0.0,0.0,0.0,0.0,0.0,0.0,0.0,0.0
677824,0.0,0.0,0.0,1.0,0.034771233251900076,0.05770924789806899,0.021802724895107293,0.023288232192239317,0.025761586276893903,0.0,0.0,0.0,0.0750829624649039,0.014490046100558773,0.054630042701073946,0.0,0.0,0.0,0.0,0.027777777777777776,0.019600267809644786,0.02275422507813691,0.08777698882947006,0.0,0.0,0.0,0.0,0.0,0.0,0.03568362736013795,0.0,0.0,0.0,0.0,0.022742799215461577,0.0,0.055048547952621124,0.0,0.0,0.0,0.06610852724465234,0.0,0.0,0.0,0.0,0.0,0.0,0.0,0.0,0.0,0.0,0.0,0.0,0.0,0.0,0.0,0.0,0.0,0.0,0.0,0.0,0.0,0.0,0.03581405818073815,0.03584643510054845,0.03581405818073815,0.03584643510054845,0.03581405818073815,0.03584643510054845,0.03378685896183681,0.03581405818073815,0.03810004711630377,0.0,0.03581405818073815,0.03581405818073815,0.03581405818073815,0.0,0.0,0.0,0.0,0.0,0.0,0.0,0.0,0.0,0.0,0.0,0.0,0.0,0.0,0.0,0.02678571428571429,0.0,0.0,0.0204402439368916,0.0,0.0,0.0,0.0,0.0,0.039263786980450306,0.033467384685206415,0.03529411764705883,0.0,0.029065426002868103,0.0,0.04956222729011037,0.024305744113773904,0.0,0.11727110246856694,0.0,0.0,0.027078221553294157,0.0,0.0,0.1272396457998693,0.0,0.10504671203384057,0.04762687003475048,0.0,0.0,0.0,0.0,0.07980648689841544,0.024539256622728087,0.0,0.0,0.0,0.0,0.0,0.0,0.0,0.0,0.08840842373406266,0.0,0.0,0.050281093500282946,0.038317458123721275,0.0,0.0,0.04276351538453289,0.04276351538453289,0.04276351538453289,0.04276351538453289,0.04276351538453289,0.1122275116884838,0.0,0.0398206365453039,0.06844189382978885,0.025056738023676618,0.0,0.0,0.0,0.0,0.0,0.0,0.0,0.0,0.0,0.0,0.0,0.0,0.0,0.0,0.0,0.12157400242997186,0.0,0.0,0.0,0.0,0.02968835258821212,0.0,0.0,0.024744058919894053,0.0,0.0,0.0,0.0,0.0,0.0,0.0,0.0,0.0,0.0,0.0,0.07449714557532822,0.0,0.0,0.0,0.0,0.0,0.0,0.0,0.0,0.0,0.0,0.04990231876248828,0.0,0.06252172221708506,0.0,0.0,0.02453894591222588,0.024954593909048233,0.07714477984724057,0.0,0.0,0.015010923806881776,0.0,0.0,0.03766043021699966,0.0,0.0,0.0,0.0,0.0,0.0,0.03148870645347216,0.02295589880862996,0.0,0.03823158927040479
677808,0.0,0.0,0.0,0.034771233251900076,1.0,0.0,0.019361079125563944,0.04335060096437424,0.0495420642542208,0.0,0.0,0.012038259238252916,0.018913972932280122,0.013768917994425882,0.0,0.0,0.014677587006095654,0.0,0.013642853860672923,0.0,0.10090630743352422,0.0,0.0,0.052788709518502945,0.0,0.0,0.0,0.031054080377407263,0.0,0.0,0.021808813382640114,0.0,0.0,0.14459469371598957,0.018193474536719323,0.0,0.053074256868857625,0.0,0.0,0.0,0.0,0.0,0.0,0.0,0.0,0.0,0.0,0.0,0.0,0.0,0.0,0.0,0.0,0.0,0.0,0.0,0.0,0.0,0.0,0.0,0.0,0.0,0.0,0.0,0.0,0.0,0.0,0.0,0.0,0.0,0.0,0.0,0.0,0.0,0.0,0.0,0.0,0.0,0.0,0.0,0.0,0.0,0.0,0.0,0.0,0.0,0.018049375276651857,0.0,0.0,0.0,0.05521302839396469,0.022774366876377097,0.0,0.0,0.0,0.0,0.0,0.0,0.032192230801615686,0.0,0.0,0.03015303852431532,0.0,0.0,0.024883932872393825,0.0,0.02316443032985992,0.0,0.0,0.0,0.0,0.0,0.0,0.0,0.0,0.024785883792773883,0.0,0.0,0.0,0.0,0.0,0.021026918847845032,0.0,0.0,0.0,0.058194784854956785,0.0,0.0,0.0,0.02435131716994888,0.0,0.0,0.0,0.0,0.0,0.0,0.0,0.0,0.0,0.0,0.0,0.0,0.0,0.0,0.0,0.0762458074370246,0.0,0.0,0.0,0.0,0.0,0.0,0.0,0.0,0.0,0.04599053807530367,0.0,0.0,0.0,0.02447409990138746,0.028571991817535766,0.0,0.0,0.0,0.0,0.0,0.0,0.0,0.0,0.0,0.0,0.04037523451378223,0.02720735840859265,0.02065417595099389,0.0,0.0,0.0,0.0,0.0,0.0,0.0,0.0,0.0,0.0,0.0,0.0,0.0,0.0,0.0,0.0,0.0,0.0,0.032361549790534655,0.0,0.0,0.0,0.0,0.0,0.0,0.0,0.0,0.019762252424968013,0.0,0.0,0.0,0.0,0.011765087877025328,0.012658552142303041,0.043479536186281025,0.0,0.0,0.0,0.0,0.030928436369220554,0.0,0.0,0.0,0.0,0.04618263834737926,0.0
677809,0.0,0.0,0.0,0.05770924789806899,0.0,1.0,0.0,0.0,0.0,0.05267368304358993,0.0,0.01904805325194122,0.0,0.0,0.0,0.0,0.023710565127190202,0.0,0.0,0.0,0.032410268533847174,0.03462929570725001,0.10084246793221946,0.0,0.0,0.0,0.0,0.0512537618072802,0.0,0.053810369148059846,0.0,0.0,0.0,0.0,0.028543335966406205,0.0,0.0,0.0,0.0,0.0,0.0,0.0,0.0,0.0,0.0,0.0,0.0,0.0,0.0,0.0,0.0,0.09491475025087336,0.0,0.0,0.0,0.0,0.0,0.0,0.0,0.0,0.0,0.0,0.0,0.05315549591663712,0.05291643467020341,0.05315549591663712,0.05291643467020341,0.05315549591663712,0.05291643467020341,0.04890216907014961,0.0,0.05821918148071142,0.10283309977132409,0.05315549591663712,0.05315549591663712,0.05315549591663712,0.0,0.0,0.0,0.0,0.0,0.0,0.0,0.0,0.0,0.0,0.0,0.0,0.0,0.0,0.0,0.0,0.0,0.0,0.02708978391699123,0.0,0.0,0.0,0.0,0.0,0.0,0.0,0.0,0.0,0.0,0.0,0.08438510899438471,0.0,0.0,0.0,0.0,0.0,0.07334502527767402,0.0,0.06257779469290807,0.08425423974054781,0.0,0.08046105854344507,0.0,0.0,0.0516002228222493,0.0,0.0,0.0,0.0,0.0,0.0,0.0,0.0,0.0,0.0,0.0,0.0,0.0,0.0,0.061666426192159486,0.08000100781050347,0.0,0.0,0.0,0.0663360659666472,0.0663360659666472,0.0663360659666472,0.0663360659666472,0.0663360659666472,0.041624175130022235,0.0,0.0,0.0,0.0,0.0,0.0,0.0,0.0,0.0,0.0,0.0,0.0,0.0,0.0,0.04660239706484615,0.0,0.0,0.0,0.0,0.0,0.0,0.0,0.0,0.0,0.03916195489831554,0.0,0.0,0.0,0.0,0.0,0.0,0.0,0.0,0.04042416617611677,0.04042416617611677,0.0,0.0,0.0,0.0,0.0,0.0,0.0,0.0,0.0,0.0,0.0,0.0,0.0,0.0,0.0,0.08046105854344507,0.0,0.0,0.0,0.0,0.031142719324032966,0.0,0.0,0.0,0.0,0.01819368080557756,0.040113583180666934,0.0,0.0,0.0,0.07220643624739653,0.0,0.0,0.0,0.0,0.0,0.0,0.0,0.0
677814,0.0,0.05685722815555856,0.0,0.021802724895107293,0.019361079125563944,0.0,1.0,0.0,0.029312152809992924,0.0,0.19612170401183926,0.032523034745354694,0.08926569738286211,0.12835725551284072,0.0,0.1716367363536593,0.01904922945812257,0.0,0.016793557671690648,0.03191744705483486,0.045784145576156426,0.0,0.0,0.0,0.0,0.037738379510976756,0.037738379510976756,0.0,0.0,0.0,0.0,0.0,0.0,0.0,0.07770002088352396,0.0,0.0,0.0,0.0,0.0,0.0,0.0,0.0,0.0,0.0,0.0,0.0,0.0,0.0,0.0,0.0,0.0,0.0,0.0,0.0,0.0,0.0,0.0,0.0,0.0,0.0,0.0,0.0,0.0,0.0,0.0,0.0,0.0,0.0,0.0,0.13087284853758838,0.0,0.0,0.0,0.0,0.0,0.03565967319894251,0.04468486851521186,0.04468486851521186,0.02187902214551573,0.04468486851521186,0.04468486851521186,0.04468486851521186,0.04767707699631529,0.027872622116925646,0.03401171769382562,0.0,0.0,0.0,0.0,0.0,0.0,0.02850541616512283,0.0,0.0457955226462519,0.0,0.0,0.03914739491749563,0.0,0.0,0.0,0.0,0.03987895235810953,0.03388656183163482,0.03218679903768201,0.0,0.02767331177605892,0.027788458362392295,0.0,0.0,0.0,0.0,0.0,0.0,0.0,0.1843206109194229,0.0,0.0,0.11582912072016888,0.0,0.0634435396819278,0.028896661651267332,0.11270880092344529,0.0,0.0,0.0,0.06977751186844117,0.0,0.0,0.0,0.0,0.0,0.0,0.030748205517575605,0.0,0.0,0.0,0.13893937210147247,0.0,0.0,0.0,0.0,0.0,0.0,0.0,0.0,0.0,0.08879038406213823,0.0,0.0,0.0,0.0,0.0,0.0,0.13616296979435782,0.0,0.0,0.0,0.0,0.03249057502909509,0.0,0.0,0.0,0.08250945852884677,0.0,0.0,0.0,0.0,0.029288642197773877,0.0,0.032490047210095754,0.0,0.0,0.22720189542451538,0.0,0.0,0.0,0.0,0.0,0.0,0.0,0.10938820401761482,0.0,0.0,0.0,0.0,0.0,0.0,0.0,0.0,0.0,0.0,0.04225931231191231,0.0,0.0,0.0,0.0,0.0,0.24135013333618127,0.0,0.0,0.0,0.0,0.0,0.0,0.11785446511063837,0.0,0.0,0.0,0.0413038616098584,0.0,0.0,0.0,0.0,0.0,0.0,0.0,0.026014837765342226,0.0,0.0
594839,0.0,0.0,0.0,0.023288232192239317,0.04335060096437424,0.0,0.0,1.0,0.03228943021353152,0.0,0.0,0.0,0.0,0.037204148383886256,0.03345561131936284,0.033375664426145986,0.10948873286047744,0.035783197352159804,0.0,0.0,0.05083092182056997,0.027776987600940956,0.025190573106371954,0.0,0.03632797116365057,0.08491908728717229,0.08491908728717229,0.04260213236196653,0.0,0.0,0.0,0.0,0.0,0.0,0.025413633974827113,0.0,0.07092518787205575,0.0,0.0,0.0,0.0,0.1680095815388155,0.0,0.0,0.0,0.0,0.0,0.0,0.0,0.0,0.0,0.0,0.0,0.0,0.0,0.0,0.0,0.0,0.0,0.0,0.0,0.0,0.0,0.0,0.0,0.0,0.0,0.0,0.0,0.0,0.0,0.0,0.0,0.0,0.0,0.0,0.08047961641245704,0.049640281062689785,0.049640281062689785,0.0465776135167793,0.049640281062689785,0.049640281062689785,0.049640281062689785,0.053456982307359575,0.029196111826210215,0.07621236109689643,0.025230485378899926,0.0,0.0,0.0,0.0,0.0,0.0,0.0,0.0,0.0,0.05255577168738111,0.043165258742669146,0.19772947605559502,0.0,0.0,0.04085610762631588,0.0,0.0,0.0,0.0,0.0,0.0,0.0,0.0,0.0,0.07187837677873439,0.03084267365426589,0.09086099720533063,0.0,0.0,0.0,0.0,0.0,0.0,0.0,0.0,0.0,0.0,0.0,0.0,0.0,0.0,0.0,0.0,0.0,0.0,0.0,0.10445883056891475,0.0,0.0,0.0,0.04490926589401627,0.0,0.0,0.016948562793081965,0.016948562793081965,0.016948562793081965,0.016948562793081965,0.016948562793081965,0.0,0.0,0.021079596146244686,0.0,0.0,0.0,0.0,0.0,0.0,0.04605623789999277,0.0,0.0,0.0,0.0,0.033970252281942184,0.03937066825752297,0.0,0.011930631838216972,0.0,0.0,0.0,0.0,0.0,0.09734233500549155,0.0,0.033969661407750054,0.05523459959904505,0.037787187848425656,0.02853217535802385,0.10630256659983693,0.16840058243737208,0.0,0.0,0.0,0.03406621850210436,0.03406621850210436,0.0,0.0,0.0,0.0,0.0,0.0,0.0,0.0,0.0,0.0,0.0,0.0,0.0,0.0,0.0,0.0,0.0,0.0,0.06234824607962202,0.0,0.027567895181935483,0.0,0.0,0.0,0.0,0.01649193371264227,0.01771106822960482,0.01964788167313057,0.0,0.0,0.05466909736612578,0.0,0.0,0.0,0.15155011927927214,0.11752263099033843,0.0,0.0,0.0
677817,0.0,0.0,0.0,0.025761586276893903,0.0495420642542208,0.0,0.029312152809992924,0.03228943021353152,1.0,0.0,0.0,0.0,0.0,0.021028073601693134,0.0,0.0,0.02201054424163748,0.0,0.020702682539322077,0.04158022156536531,0.0,0.0,0.058496024592863766,0.0,0.0,0.0,0.0,0.0,0.0,0.0,0.03280102002430112,0.0,0.0,0.0,0.055674111290754974,0.0,0.0,0.0,0.0,0.0,0.0,0.0,0.0,0.0,0.0,0.0,0.0,0.0,0.0,0.0,0.0,0.0,0.0,0.0,0.0,0.0,0.0,0.0,0.0,0.0,0.0,0.0,0.0,0.0,0.0,0.0,0.0,0.0,0.0,0.0,0.048348888181418914,0.0,0.0,0.0,0.0,0.0,0.04358013614991204,0.05756119917686326,0.05756119917686326,0.024454734101712297,0.05756119917686326,0.05756119917686326,0.05756119917686326,0.06271228490243815,0.03161412794428018,0.041107051169196156,0.0,0.07688340692083986,0.0,0.0,0.0,0.0,0.0,0.0,0.025368827924377783,0.03500179038373125,0.0,0.0,0.0,0.0,0.0,0.0,0.04927493950151177,0.0,0.037559165688634516,0.0,0.0,0.0356455429734144,0.0,0.0,0.0,0.0,0.0,0.04939172930324754,0.0,0.03739124921598209,0.0,0.0,0.0,0.049480117866680315,0.02337777205326434,0.047615784525532875,0.0,0.0,0.0,0.042652461429702554,0.09666489738659688,0.0,0.0,0.0,0.0,0.0,0.0,0.03566203805412424,0.0,0.0,0.0,0.049265977067826344,0.09610719388295053,0.0,0.03896892250594965,0.03896892250594965,0.03896892250594965,0.03896892250594965,0.03896892250594965,0.07691263914414852,0.0,0.0,0.0,0.0,0.0,0.0,0.0,0.0,0.0,0.0,0.0,0.0,0.0,0.036715756017371995,0.0431561158015994,0.0,0.0,0.0,0.0,0.0,0.0,0.0,0.0,0.0,0.0,0.0,0.0,0.030982921814036203,0.0,0.0,0.0,0.0,0.0,0.07768732454494719,0.07768732454494719,0.0,0.0,0.0,0.0,0.03100665935709094,0.0,0.0,0.068197577750718,0.0,0.0,0.0,0.0,0.05087932657470676,0.047110368483415176,0.0,0.0,0.0,0.03882043074493611,0.0,0.0,0.029471357435417202,0.0,0.0,0.0,0.07152218178779816,0.0,0.0,0.0,0.022915312766237244,0.10414027377923019,0.0,0.0,0.0,0.0,0.0,0.0,0.03247972483101727,0.0,0.0
619562,0.0,0.0,0.0,0.0,0.0,0.05267368304358993,0.0,0.0,0.0,1.0,0.0587755602051313,0.0,0.0,0.0,0.0,0.0,0.0,0.0,0.024904922596437652,0.05277901101283903,0.0,0.0,0.0,0.0,0.0,0.0,0.0,0.0,0.0,0.05793742757821552,0.0,0.09076796828946666,0.0,0.0,0.029675278095837313,0.0,0.0,0.0,0.0,0.0,0.0,0.0,0.0,0.0,0.0,0.10635140654977333,0.0,0.0,0.0,0.0,0.0,0.0,0.0,0.0,0.0,0.0,0.0,0.0,0.0,0.0,0.0,0.0,0.0,0.05704179360903428,0.05672163828851806,0.05704179360903428,0.05672163828851806,0.05704179360903428,0.05672163828851806,0.05220737876135361,0.0,0.06286291331909447,0.05220737876135361,0.05704179360903428,0.05704179360903428,0.05704179360903428,0.0,0.0,0.0,0.0,0.0,0.0,0.0,0.0,0.0,0.0,0.0,0.0,0.0,0.0,0.0,0.0,0.0,0.0,0.0,0.0,0.0,0.0,0.0,0.0,0.08037853707451816,0.05496049277059485,0.05945320719681992,0.0,0.04310984220763752,0.05639160812849356,0.14700200224010934,0.0,0.0,0.0,0.0,0.0,0.0,0.0,0.0,0.0,0.0,0.08793231812038026,0.0,0.0,0.026546684220201178,0.0,0.0,0.0,0.0,0.0,0.0,0.0,0.057389205930160295,0.0,0.0,0.0,0.0,0.0,0.0,0.0661557329705922,0.0,0.0,0.0,0.0,0.022859656664749078,0.022859656664749078,0.022859656664749078,0.022859656664749078,0.022859656664749078,0.04545454545454546,0.0,0.0,0.0,0.0,0.0,0.0,0.0,0.0,0.0,0.0,0.0,0.048081897840741995,0.0,0.0,0.0,0.0,0.0,0.0,0.0,0.0,0.0,0.0,0.0,0.0,0.0,0.0,0.0,0.0,0.0,0.0,0.0,0.0,0.0,0.04282499650854526,0.04282499650854526,0.0,0.0,0.0,0.054954653632054894,0.03589572646841554,0.0,0.0,0.09042625539219579,0.07996100706269135,0.0,0.0,0.0,0.0,0.0,0.0,0.08793231812038026,0.0,0.0,0.0,0.0,0.0,0.0,0.07449936935143145,0.0,0.0,0.0,0.0,0.0,0.025669151896089933,0.0,0.0,0.0,0.0,0.0,0.0,0.0,0.03954583196744379,0.0,0.0
677827,0.0,0.0,0.0,0.0,0.0,0.0,0.19612170401183926,0.0,0.0,0.0587755602051313,1.0,0.0,0.04180680295047256,0.053150538733144154,0.0,0.047394340022219435,0.0,0.0,0.0,0.052586896720846585,0.0,0.0,0.0,0.0,0.0,0.0,0.0,0.0,0.0,0.0,0.0,0.0,0.0,0.0,0.059381904512889994,0.0,0.0,0.0,0.0,0.0,0.0,0.0,0.0,0.0,0.0,0.10605413309887526,0.0,0.0,0.0,0.0,0.0,0.0,0.0,0.0,0.0,0.0,0.0,0.0,0.0,0.0,0.0,0.0,0.0,0.0,0.0,0.0,0.0,0.0,0.0,0.0,0.0,0.0,0.0,0.0,0.0,0.0,0.0,0.0,0.0,0.0,0.0,0.0,0.0,0.0,0.0,0.0,0.0,0.0,0.0,0.0,0.0,0.0,0.034819970291478694,0.0,0.027734037363155602,0.0,0.0,0.0,0.0,0.0,0.0,0.0,0.0,0.04550554246227747,0.0,0.0,0.04437244399037682,0.0,0.0,0.0,0.0,0.0,0.0,0.0,0.0,0.04189735940919589,0.0,0.0,0.0,0.0,0.05328561304555835,0.0,0.0933776305039511,0.0,0.0,0.0,0.1322686297134242,0.0,0.0,0.0,0.0,0.0,0.0,0.0,0.0,0.0,0.0,0.0,0.0,0.0,0.0,0.0,0.0,0.0,0.0,0.0,0.0,0.09755962734433926,0.09450085602730432,0.0,0.0,0.0,0.0,0.0,0.1406109954730915,0.0,0.0,0.0,0.0,0.0,0.0,0.0,0.0,0.0,0.0,0.0,0.0,0.0,0.0,0.0,0.04002799440492925,0.0,0.0,0.03406471204421168,0.0,0.0,0.0,0.0,0.0,0.0,0.0,0.04167171278051394,0.0,0.0,0.0,0.035193197998692735,0.0,0.0,0.0,0.0,0.0,0.0,0.0,0.0,0.0,0.0,0.0,0.0,0.0433313514286059,0.0,0.0,0.0,0.0,0.04705469873173848,0.0,0.0,0.0,0.0,0.0,0.0,0.0,0.0,0.0,0.0,0.0,0.0,0.0,0.03911608576237037,0.08561966316133449,0.0
677842,0.0,0.017179199649607173,0.0,0.0,0.012038259238252916,0.01904805325194122,0.032523034745354694,0.0,0.0,0.0,0.0,1.0,0.0,0.0,0.0,0.0,0.013289184237994854,0.0,0.010625932669164848,0.0,0.013489021072958888,0.01639330501347542,0.030018876298631557,0.0,0.0,0.0,0.0,0.026922647171400853,0.02766905187356734,0.0,0.019882602208770056,0.0,0.0,0.0,0.0,0.0,0.0,0.0,0.0,0.0,0.0,0.0,0.0,0.0,0.0,0.0,0.0,0.0,0.0,0.0,0.0,0.0,0.0,0.0,0.0,0.0,0.0,0.0,0.0,0.0,0.0,0.0,0.0,0.0,0.0,0.0,0.0,0.0,0.0,0.0,0.0,0.0,0.0,0.0,0.0,0.0,0.0,0.0,0.0,0.0,0.0,0.0,0.0,0.0,0.0,0.0,0.0,0.0,0.0,0.0,0.0,0.0,0.0,0.0,0.0,0.02029964923025603,0.0,0.0,0.0,0.03908266441710599,0.0,0.0,0.0,0.02280702274738847,0.022085729299647243,0.0,0.016538915838258922,0.0,0.04470818901094427,0.0,0.0,0.0,0.0,0.024877389986319588,0.0,0.0,0.0,0.0,0.0,0.0,0.0,0.03443043000947796,0.0,0.0,0.0,0.025838701556989547,0.0,0.0,0.0,0.0,0.0,0.0,0.05514014715766712,0.0,0.0,0.03048108847532495,0.0,0.0,0.0,0.0,0.009959699138023179,0.009959699138023179,0.009959699138023179,0.009959699138023179,0.009959699138023179,0.018074548182453562,0.0,0.0,0.0,0.043157261559249586,0.0,0.0,0.0,0.0,0.0,0.0,0.05056449045363704,0.0,0.0,0.02351686223682906,0.025723595357605662,0.0,0.0,0.0,0.0,0.0,0.0,0.0,0.0,0.0,0.0,0.0,0.0,0.0,0.0,0.0,0.0,0.0,0.0,0.0,0.0,0.0,0.0,0.0,0.0,0.017748030261306315,0.0,0.0,0.0,0.0,0.0,0.0,0.0,0.028669239343751242,0.0,0.0,0.0,0.0,0.0,0.0,0.0,0.0,0.01923464325007262,0.015064443878625685,0.0,0.0,0.09641301037287717,0.027237424528277807,0.01452167378628981,0.029630591251122895,0.0,0.0,0.0,0.0,0.0,0.0,0.0,0.016170719545885302,0.0,0.0
677832,0.0,0.0,0.0,0.0750829624649039,0.018913972932280122,0.0,0.08926569738286211,0.0,0.0,0.0,0.04180680295047256,0.0,1.0,0.0731454714298456,0.0,0.06482423512239395,0.014549032472510347,0.035720988648574516,0.01574425932719636,0.0,0.023718718085256635,0.0,0.021205351369913337,0.07157405091815043,0.0,0.0,0.0,0.0,0.0,0.03521598555764307,0.0,0.0,0.0,0.0,0.0,0.0,0.07053793690647961,0.0,0.0,0.03161703240367518,0.0,0.0,0.0,0.0,0.0,0.0,0.0,0.0,0.0,0.0,0.0,0.0,0.0,0.0,0.0,0.0,0.0,0.0,0.0,0.0,0.0,0.0,0.0,0.03428538826410261,0.03396646609872862,0.03428538826410261,0.03396646609872862,0.03428538826410261,0.03396646609872862,0.03091336057811845,0.03428538826410261,0.03848312549432535,0.0,0.03428538826410261,0.03428538826410261,0.03428538826410261,0.0,0.0,0.0,0.0,0.0,0.0,0.0,0.0,0.0,0.0,0.016127491416292845,0.03011779629238709,0.0,0.0,0.0,0.022652012120487078,0.0,0.0,0.016135333157548157,0.0,0.0,0.0,0.0,0.0,0.0,0.0,0.0,0.0,0.0,0.0,0.029892809440852174,0.0,0.0,0.0,0.06999464181006568,0.06825931225671307,0.0423694112411302,0.0,0.0,0.07842424856131562,0.0,0.11726220654582728,0.12773407650138469,0.0,0.031191671098169668,0.0,0.02612086970101537,0.0,0.017927135607581874,0.0,0.0,0.0,0.0,0.023870302906888876,0.0,0.0,0.0,0.023556239235974927,0.0,0.0,0.0,0.032418488119167824,0.0,0.0,0.04427471940480454,0.04427471940480454,0.04427471940480454,0.04427471940480454,0.04427471940480454,0.09348333696351642,0.0,0.02536392170963142,0.026070512547855255,0.05322669679797053,0.0,0.0,0.0,0.0,0.04322649418467586,0.0,0.0,0.0,0.0,0.0,0.0,0.0,0.0,0.030547131398739127,0.0,0.0,0.0,0.0,0.0,0.0,0.0,0.0,0.0,0.0620885473715015,0.0,0.0,0.0,0.0,0.0,0.0,0.0,0.023956201829097752,0.0,0.0,0.0,0.0,0.0,0.0,0.0,0.0,0.0,0.0,0.0,0.0,0.0,0.0,0.05538388499227631,0.04331073465775926,0.11076938268317436,0.0,0.0,0.017926820692421082,0.02080647758932893,0.0,0.0,0.058311636717674746,0.010221619339817948,0.011130390713564888,0.025577912348889353,0.014576776399953742,0.0,0.0,0.0,0.0,0.0,0.0,0.0,0.0,0.0,0.03779803460311891
677836,0.0782882399628274,0.019567267906957484,0.0,0.014490046100558773,0.013768917994425882,0.0,0.12835725551284072,0.037204148383886256,0.021028073601693134,0.0,0.053150538733144154,0.0,0.0731454714298456,1.0,0.0,0.11979899311975521,0.0,0.04866323766273023,0.011778402591181182,0.023723562011735803,0.10682700765582838,0.0,0.0,0.0,0.06871451964071934,0.0,0.0,0.0,0.0,0.02728850764610393,0.0,0.0,0.0,0.0814205884689193,0.01500759035539591,0.0,0.0,0.0,0.0,0.0,0.0,0.0,0.0,0.0,0.0,0.0,0.0,0.0,0.0,0.0,0.0,0.0,0.0,0.0,0.0,0.0,0.0,0.0,0.0,0.0,0.0,0.0,0.0,0.0,0.0,0.0,0.0,0.0,0.0,0.0,0.08571428571428573,0.0,0.0,0.0,0.0,0.0,0.024488009565297845,0.03251519800998071,0.03251519800998071,0.12033824373235384,0.03251519800998071,0.03251519800998071,0.03251519800998071,0.0,0.07426939803496903,0.023069495822280624,0.0,0.02105030382425268,0.03891156462585034,0.0,0.0,0.05971193468095541,0.03625923129662793,0.0740560006423286,0.07499999999999998,0.0,0.0,0.0,0.028030584526850595,0.0,0.0,0.0,0.0,0.0,0.02095829766484069,0.0,0.0,0.0,0.0,0.0,0.0,0.0,0.0,0.057142587727656416,0.0,0.06528832661079491,0.0,0.0,0.23859065184920605,0.0,0.054524288146146245,0.01722762881228373,0.045737600431973384,0.0,0.08736850091647821,0.0,0.0,0.0,0.0,0.0,0.0,0.0,0.0,0.0,0.0,0.031249709950578276,0.0,0.08670844768945006,0.016666584159127862,0.04658857961144509,0.021971583507196413,0.021971583507196413,0.021971583507196413,0.021971583507196413,0.021971583507196413,0.0,0.0,0.050434004759542364,0.0,0.016116495762048454,0.0,0.0,0.0,0.0,0.1706705870404746,0.04012158427708248,0.0,0.0,0.0,0.0,0.0,0.0,0.11275900805731102,0.21211781814873176,0.0,0.0,0.0,0.0,0.0,0.0,0.1108496178107984,0.0,0.022638632938466123,0.11334291036517555,0.0,0.0,0.0,0.07410279598791653,0.0,0.042598489704218076,0.042598489704218076,0.043363994743758204,0.0,0.0,0.0,0.035398704909752166,0.0,0.0,0.0,0.0,0.0,0.0,0.15216333146428904,0.028315890052703366,0.026041521945368483,0.0,0.0,0.03429441596680634,0.11833600018523915,0.0,0.0,0.016332384949382283,0.017721045008655303,0.0,0.0,0.13087189923229725,0.0,0.010408441901965585,0.011623586072918645,0.06742512999604741,0.028040188961025572,0.0,0.0,0.0,0.0612243248322639,0.0,0.0,0.037552155236355404,0.0,0.029243037987268957
677838,0.04529426137015257,0.1605143349737048,0.0,0.054630042701073946,0.0,0.0,0.0,0.03345561131936284,0.0,0.0,0.0,0.0,0.0,0.0,1.0,0.03999475842125918,0.0,0.04341262020251711,0.02145124030535165,0.0,0.061329790070144614,0.03239721364367575,0.02943176976370789,0.0,0.0,0.0,0.0,0.0,0.0,0.05045408678102925,0.0,0.0,0.0,0.0,0.027776184430536838,0.0,0.0,0.0,0.0,0.0,0.0,0.0,0.0,0.0,0.0,0.0,0.0,0.058474596277068865,0.0,0.0,0.0,0.0,0.0,0.0,0.0,0.0,0.0,0.0,0.0,0.0,0.0,0.0,0.0,0.0,0.0,0.0,0.0,0.0,0.0,0.0,0.0,0.0,0.0,0.0,0.0,0.0,0.094539773619859,0.0,0.0,0.05152233386778009,0.0,0.0,0.0,0.0,0.0,0.0888341382565044,0.0,0.0,0.0,0.0,0.0,0.0,0.06815419338053381,0.0,0.11319776956506146,0.0,0.0,0.0,0.0,0.0,0.0,0.047666830074371634,0.0,0.0,0.0,0.0,0.0,0.0,0.0,0.0,0.0,0.0,0.07074170342151385,0.0,0.0,0.0,0.09868312301679318,0.0,0.0,0.0,0.02407219458554591,0.0,0.0,0.0,0.0,0.043939049289060936,0.0,0.0,0.0,0.0,0.0,0.0,0.0,0.0,0.0,0.0,0.0,0.0,0.03088394765593917,0.0,0.019790551915205016,0.019790551915205016,0.019790551915205016,0.019790551915205016,0.019790551915205016,0.0,0.0,0.09661380082547308,0.13893302652191877,0.0,0.0,0.0,0.0,0.0,0.0,0.0,0.0,0.0,0.0,0.0,0.0,0.0,0.0,0.0,0.0,0.0,0.0,0.10703907465269406,0.0,0.0,0.0,0.0,0.0,0.0,0.0,0.0,0.0,0.0,0.0,0.0,0.0,0.03938053388118827,0.0,0.0,0.04885498195513406,0.0,0.0,0.0,0.0,0.0,0.05058224979456953,0.0,0.0,0.0,0.0,0.0,0.0,0.0,0.0,0.0,0.0,0.0,0.0,0.02218047012650199,0.0,0.0,0.0,0.0,0.0,0.07417409841884658,0.0,0.0,0.0,0.048381919885182395,0.0,0.0,0.0,0.0,0.07400547978711741,0.0
26779,0.0,0.0,0.0,0.0,0.0,0.0,0.1716367363536593,0.033375664426145986,0.0,0.0,0.047394340022219435,0.0,0.06482423512239395,0.11979899311975521,0.03999475842125918,1.0,0.0,0.0,0.0,0.0,0.09495743618152117,0.0,0.0,0.0,0.0,0.0,0.0,0.0,0.053965368127468924,0.0,0.0,0.0,0.0,0.0,0.0,0.0,0.0,0.0,0.0,0.0,0.0,0.0582528070351636,0.0,0.0,0.0,0.0,0.0,0.0,0.0,0.0,0.0,0.0,0.0,0.0,0.0,0.0,0.0,0.0,0.0,0.0,0.0,0.0,0.0,0.0,0.0,0.0,0.0,0.0,0.0,0.0,0.04980898187829334,0.0,0.0,0.0,0.0,0.0,0.09424246873502087,0.0,0.0,0.05106274486374254,0.0,0.0,0.0,0.0,0.0,0.08848638323324406,0.0,0.0,0.1550703209504218,0.0,0.0,0.07278633043154549,0.03267711651894252,0.0,0.08188012455518878,0.0,0.0,0.10863583916201451,0.051549471469410905,0.0,0.0,0.0,0.0,0.041106130453000746,0.0,0.0,0.0,0.0,0.0,0.0,0.0,0.0,0.033873239865440614,0.0,0.0,0.0796608104447,0.0,0.0,0.16063586770240626,0.0,0.02391036376678554,0.0,0.041137953152209174,0.0,0.06176504148695874,0.0,0.0,0.0,0.0,0.0,0.0,0.07979762609248417,0.0,0.036513048126364855,0.0,0.0,0.0,0.10628315881546085,0.0,0.0,0.019741907292888865,0.019741907292888865,0.019741907292888865,0.019741907292888865,0.019741907292888865,0.0,0.0,0.04551635300548464,0.04204871327946855,0.029585983288057803,0.0,0.0,0.0,0.0,0.05531332603517809,0.0,0.0,0.0,0.0,0.0,0.044192273389264194,0.06536422354012021,0.0,0.09925490037450659,0.0,0.0,0.0,0.0,0.0,0.0,0.0,0.0,0.0,0.1811126550578712,0.0,0.0,0.0,0.0,0.0,0.038304712982337674,0.038304712982337674,0.0812758264194263,0.0,0.0,0.0,0.0,0.05228272385562364,0.0,0.0,0.0,0.0,0.0,0.0,0.0,0.04809152618648045,0.0,0.0,0.0,0.29760114832819545,0.0,0.0,0.0,0.0,0.021962782796674005,0.0,0.0745009815314911,0.0,0.0,0.0,0.07356430682760887,0.0,0.0,0.0,0.0,0.0,0.05228272385562364,0.04030110832805217,0.0,0.0,0.0
100124538,0.07598482763739738,0.0,0.0,0.0,0.014677587006095654,0.023710565127190202,0.01904922945812257,0.10948873286047744,0.02201054424163748,0.0,0.0,0.013289184237994854,0.014549032472510347,0.0,0.0,0.0,1.0,0.023619189492805323,0.06777284109620976,0.04799729018849977,0.05172659522621037,0.0,0.036300488739229184,0.04564357434483924,0.0,0.0,0.0,0.0,0.0,0.0,0.0722871663116376,0.0,0.0,0.0,0.020804507060794883,0.0,0.09717501789350615,0.0,0.0,0.06542503386732391,0.0,0.07493995012799018,0.0,0.0,0.0,0.04529614075745981,0.038648990596816375,0.036116683821798126,0.038648990596816375,0.0,0.041709390168652265,0.09261207031365451,0.0,0.0,0.0,0.0,0.0,0.0,0.0,0.0,0.041709390168652265,0.0,0.0,0.0,0.0,0.0,0.0,0.0,0.0,0.0,0.0,0.0,0.0,0.0,0.0,0.0,0.0,0.0,0.0,0.0,0.0,0.0,0.0,0.0,0.022875980257958794,0.0,0.08839349592190399,0.0,0.0,0.0,0.0,0.0,0.023571559563010748,0.0,0.018391892175359952,0.0748531909930894,0.0,0.0,0.029086177369389656,0.0,0.0,0.0,0.0,0.0,0.0,0.0,0.0,0.0,0.0,0.0,0.04668595282229341,0.04771719509508438,0.10561944266397882,0.03023321941559412,0.0,0.0,0.0,0.0,0.0,0.0,0.0,0.012256258345630832,0.0,0.0,0.045760002631560846,0.0,0.0,0.0,0.0,0.0,0.0,0.02790132223413228,0.0,0.02473686122064996,0.0,0.0,0.0,0.0,0.023034961421622598,0.0,0.012004890098102088,0.012004890098102088,0.012004890098102088,0.012004890098102088,0.012004890098102088,0.0,0.0,0.0,0.0,0.0,0.0,0.0,0.0,0.0,0.0,0.0,0.0,0.0,0.0,0.0,0.0,0.0,0.0,0.0,0.0,0.0,0.0,0.0,0.10508860488918959,0.1273909578307686,0.0,0.039951110615156486,0.029679554324170077,0.0,0.03589177433479976,0.03589177433479976,0.0,0.0,0.0,0.0,0.0,0.0,0.0,0.0,0.0,0.04260166307513885,0.0,0.0,0.0,0.0,0.030919462370912427,0.0,0.0,0.07001850386381464,0.03386741664051795,0.0,0.04267113564938936,0.0,0.08545468674290264,0.04243627091106037,0.0,0.07025132390409959,0.022242227753206334,0.01670255916372023,0.0,0.0,0.057961640501972146,0.06178569405372062,0.0327639224635296,0.01663684826643898,0.0,0.07549380780064553,0.0,0.0,0.0,0.10883282657181109,0.08973793748731937,0.0,0.0,0.0
26775,0.0,0.0,0.0,0.0,0.0,0.0,0.0,0.035783197352159804,0.0,0.0,0.0,0.0,0.035720988648574516,0.04866323766273023,0.04341262020251711,0.0,0.023619189492805323,1.0,0.022972241455556888,0.0,0.0,0.0,0.0,0.0,0.0,0.0,0.0,0.0,0.0,0.0,0.0,0.0,0.0,0.0,0.0,0.0,0.0,0.09533556793044434,0.0,0.0,0.0,0.0,0.0,0.0,0.0,0.0,0.0,0.0,0.0,0.0,0.0,0.0,0.0,0.0,0.0,0.0,0.0,0.0,0.0,0.0,0.0,0.0,0.0,0.0,0.0,0.0,0.0,0.0,0.0,0.0,0.0,0.0,0.0,0.0,0.0,0.0,0.0,0.0,0.0,0.053024039464737036,0.0,0.0,0.0,0.0,0.0,0.0,0.0,0.04180759226969971,0.0,0.0,0.0,0.0,0.03397068530174504,0.0,0.0,0.0,0.0,0.0558710060564628,0.0,0.0,0.0,0.0,0.0,0.0,0.0,0.0,0.0,0.0,0.0,0.0,0.0,0.0,0.0,0.0,0.0,0.0,0.0,0.0,0.0,0.0,0.0,0.0,0.0,0.0,0.0,0.0,0.0,0.0,0.0,0.0,0.0,0.0,0.0,0.0,0.0,0.0,0.0,0.0,0.0,0.0,0.0,0.0,0.0,0.0,0.0,0.0,0.0,0.0,0.0,0.03039314096056346,0.0,0.0,0.0,0.0,0.0,0.0,0.0,0.0,0.0,0.0,0.0,0.0,0.0,0.0,0.0,0.0,0.0,0.0,0.0,0.0,0.0,0.06765761513368429,0.043438914407840534,0.033038164018692515,0.0,0.0,0.0,0.0,0.0,0.08392467630165348,0.08392467630165348,0.0,0.0,0.05042602232074946,0.0,0.03361659301202292,0.0,0.0,0.0,0.0,0.0,0.0,0.0,0.0,0.05018177673567948,0.0,0.0,0.0,0.0,0.0,0.0,0.0,0.034044946352947345,0.0,0.0,0.0,0.018088451534676347,0.019553047964678407,0.044821994444538764,0.0,0.0,0.0,0.0,0.0,0.0,0.11715339770685136,0.04209095933551754,0.0,0.0,0.05763930244092439
6080,0.023792876682685638,0.03959186168649505,0.0,0.0,0.013642853860672923,0.0,0.016793557671690648,0.0,0.020702682539322077,0.024904922596437652,0.0,0.010625932669164848,0.01574425932719636,0.011778402591181182,0.02145124030535165,0.0,0.06777284109620976,0.022972241455556888,1.0,0.0,0.015953235495870133,0.03620969214248543,0.0,0.1471529183973414,0.0,0.0,0.0,0.0,0.0,0.0,0.0,0.038395422149869136,0.0,0.0,0.01612246641392262,0.0,0.0,0.0,0.0,0.02694692717477537,0.0,0.0,0.0,0.0,0.0,0.0,0.035302823378439346,0.0,0.0,0.0,0.039372454261368164,0.0,0.0,0.0,0.0,0.06207637303788389,0.0,0.0,0.0,0.0,0.0,0.0,0.0,0.0,0.0,0.0,0.0,0.0,0.0,0.0,0.0,0.0,0.0,0.0,0.0,0.0,0.0,0.0,0.0,0.0,0.0,0.0,0.0,0.0,0.018550319292712635,0.0,0.049598978726563145,0.020629614392188744,0.03669711653023564,0.0,0.0,0.019923130856411505,0.018877776897761996,0.0,0.0,0.0,0.0,0.0,0.0,0.05720488028658731,0.0,0.0,0.0,0.0,0.02173054831277342,0.0,0.0,0.0,0.0,0.0,0.04512703280399939,0.04551169586747123,0.0831543813177871,0.027703159891705926,0.0,0.0,0.0,0.0,0.0,0.0,0.07228607298420299,0.0,0.023386141059635625,0.0,0.017485616270812687,0.0,0.0,0.0,0.02868886101228888,0.0,0.0,0.0,0.029673555579095897,0.0,0.0,0.0,0.03962477854506838,0.0,0.01788860385407927,0.0,0.04506153969872785,0.033420250729189534,0.033420250729189534,0.04506153969872785,0.033420250729189534,0.0,0.0,0.0,0.0,0.0,0.0,0.0,0.0,0.0,0.0,0.0,0.0,0.0,0.0,0.0,0.0,0.0,0.0,0.0,0.0,0.0,0.0,0.0,0.0,0.07311751021171073,0.0,0.0,0.0,0.0,0.0,0.0,0.0,0.0,0.0,0.021658735686835257,0.021658735686835257,0.0,0.0,0.0,0.027117889945049413,0.017899234076923842,0.0,0.0,0.0,0.11178516037912921,0.0,0.0,0.028295971693687628,0.0,0.0,0.03512717549139632,0.0,0.07244650134515733,0.04606482204335812,0.0,0.0,0.01748536921052502,0.018493943819116704,0.026170953351580435,0.0,0.0,0.10293248144960501,0.05892917660609314,0.012489476786274559,0.013496069978766189,0.0,0.0,0.0,0.0,0.10508106183850048,0.0,0.0,0.0,0.0,0.0
677823,0.05001772134434832,0.03846153846153846,0.0,0.027777777777777776,0.0,0.0,0.03191744705483486,0.0,0.04158022156536531,0.05277901101283903,0.052586896720846585,0.0,0.0,0.023723562011735803,0.0,0.0,0.04799729018849977,0.0,0.0,1.0,0.0,0.0,0.031306769730371255,0.0,0.0,0.0,0.0,0.0,0.0,0.0,0.0,0.0,0.0,0.0,0.0,0.0,0.0,0.0,0.0,0.0,0.0,0.0,0.0,0.0,0.0,0.09530695126381705,0.0,0.0,0.0,0.0,0.0,0.0,0.0,0.0,0.0,0.0,0.0,0.15192109678051136,0.0,0.0,0.0,0.0,0.0,0.0,0.0,0.0,0.0,0.0,0.0,0.0,0.0,0.0,0.0,0.0,0.0,0.0,0.0,0.0,0.0,0.0,0.0,0.0,0.0,0.0,0.0,0.0,0.027822403366134976,0.0,0.0,0.0,0.0,0.0,0.0,0.0,0.02672984626754888,0.2777040448859214,0.0,0.0,0.0,0.0,0.0,0.0,0.0,0.0,0.0,0.0,0.08429835653162394,0.0,0.0,0.09526995346620987,0.0,0.0,0.03487424469326935,0.0,0.0,0.0,0.0,0.0,0.0,0.055123701126270394,0.0,0.03213380070325267,0.0,0.0,0.0,0.0,0.0,0.0,0.0,0.0,0.0,0.0,0.0,0.0,0.0,0.0,0.0,0.0,0.031258255100434576,0.0,0.02105174594556588,0.02105174594556588,0.02105174594556588,0.02105174594556588,0.02105174594556588,0.041481926187771176,0.0,0.022422878471841035,0.043454655981525,0.0,0.11929843910744355,0.0,0.0,0.0,0.0,0.0,0.0,0.0,0.0,0.0,0.0,0.0,0.01241867718996926,0.0,0.0,0.0,0.0,0.0,0.0,0.0,0.0,0.0,0.0,0.0,0.0,0.0,0.13024796661203844,0.0,0.0,0.0,0.0,0.04024444870269139,0.0,0.0,0.0,0.03339526083686286,0.0,0.07093271015190046,0.0,0.0,0.0,0.0,0.0,0.0,0.04973113420486386,0.0,0.0,0.0,0.0,0.0,0.0,0.0,0.033775251787530464,0.022412355213713136,0.0,0.0,0.0,0.0,0.0,0.04946676443157072,0.0,0.0,0.07224719241095176,0.0,0.03862154644604146,0.0,0.0,0.0,0.0,0.0
677847,0.0,0.0,0.03237793682362615,0.019600267809644786,0.10090630743352422,0.032410268533847174,0.045784145576156426,0.05083092182056997,0.0,0.0,0.0,0.013489021072958888,0.023718718085256635,0.10682700765582838,0.061329790070144614,0.09495743618152117,0.05172659522621037,0.0,0.015953235495870133,0.0,1.0,0.023982146182611245,0.021816314840105478,0.0,0.0,0.0,0.0,0.035614280473397944,0.0398121169019761,0.12030683988927438,0.05076818073461703,0.05475758352510261,0.0,0.0,0.02023406629195256,0.0,0.0,0.0,0.0,0.035420523534094195,0.0,0.042908157666789265,0.0,0.0,0.0,0.06371446783029079,0.048286082377402326,0.04290815766678928,0.048286082377402326,0.0,0.05493762372739578,0.06336964156617778,0.0,0.0,0.0,0.0,0.0,0.0,0.0,0.0,0.05493762372739578,0.0,0.0,0.0,0.0,0.0,0.0,0.0,0.0,0.0,0.07630245406308228,0.0,0.0,0.0,0.0,0.0,0.033293138334244056,0.0,0.0,0.018354255405703034,0.0,0.0,0.0,0.0,0.02376728235057731,0.031331420559764275,0.0,0.0,0.0,0.0,0.0,0.05319509075371605,0.13308463246303248,0.0,0.08104488936012355,0.026514995859674616,0.048311204422946195,0.0,0.0,0.0,0.0,0.03513300230298563,0.0,0.0,0.0,0.0,0.0,0.0,0.0,0.0,0.0,0.0,0.0,0.03783999417898002,0.04307125484793492,0.028248831798790546,0.0,0.0,0.18521103597998892,0.0,0.054995803551188195,0.0,0.0,0.03734731369441706,0.04506439063743053,0.03210600420686853,0.0,0.0,0.0,0.0,0.0,0.02819192446745985,0.0,0.0,0.0,0.0,0.0,0.07703367017850982,0.0,0.0,0.0,0.0,0.0,0.0,0.0,0.0,0.0,0.01633644890445971,0.030905541947875433,0.0,0.0,0.0,0.0,0.0,0.0,0.0,0.0,0.0,0.0,0.0,0.0,0.0,0.0,0.11216888221028254,0.0,0.0,0.0,0.0,0.0,0.1005984315208394,0.0,0.0,0.0,0.04777100544578973,0.0,0.0,0.0,0.0,0.09448100242109965,0.0,0.0,0.0,0.0,0.0,0.0357996687627087,0.0,0.03848749947061926,0.0,0.0,0.0,0.07735223512954541,0.0,0.0,0.0,0.0,0.0,0.0,0.04674194493957367,0.06034177161203514,0.054765795097708625,0.0,0.04506533626953127,0.02396827765502571,0.016176862346971087,0.0,0.11637504873600858,0.012978633503961738,0.014003927742810526,0.03180355772060611,0.09270852084881404,0.03827118100036817,0.0,0.04886348524280443,0.0,0.0,0.0,0.0,0.025035109409687815,0.054335322463647626,0.0
677798,0.0,0.029390424689274795,0.0,0.02275422507813691,0.0,0.03462929570725001,0.0,0.027776987600940956,0.0,0.0,0.0,0.01639330501347542,0.0,0.0,0.03239721364367575,0.0,0.0,0.0,0.03620969214248543,0.0,0.023982146182611245,1.0,0.024501092269050374,0.0,0.0,0.039682165751709506,0.039682165751709506,0.08688160518327843,0.0,0.0,0.0,0.0,0.08913643267327749,0.0,0.0,0.0,0.0,0.0,0.0,0.0,0.0,0.0,0.0,0.0,0.0,0.0,0.0,0.0,0.0,0.0,0.0,0.0,0.0,0.0,0.0,0.09314648069501896,0.0,0.0,0.0,0.0,0.0,0.0,0.0,0.04214285527747289,0.04209569876402416,0.04214285527747289,0.04209569876402416,0.04214285527747289,0.04209569876402416,0.03938363507429249,0.04214285527747289,0.045317825256120346,0.03938363507429249,0.04214285527747289,0.04214285527747289,0.04214285527747289,0.0,0.0,0.0,0.0,0.0,0.0,0.0,0.0,0.0,0.0,0.024882291317961335,0.06425796612448051,0.05514486834698569,0.0,0.0,0.0,0.02923787622617808,0.0,0.023023421947169727,0.03105505778870999,0.0,0.0,0.0,0.0,0.0,0.039752258202388605,0.0,0.0,0.0,0.0,0.0,0.0,0.03581274565027459,0.0,0.0,0.0,0.0,0.042195732872057745,0.04908464425910043,0.0,0.0,0.0,0.0,0.0,0.042882373711298175,0.0,0.0,0.0,0.0,0.0,0.0,0.0,0.0,0.03291792644398912,0.042181989327949934,0.0,0.0,0.0,0.09211737855342499,0.0,0.0,0.0,0.0,0.0,0.016485819870266805,0.016485819870266805,0.016485819870266805,0.016485819870266805,0.016485819870266805,0.03135689017198792,0.0,0.0,0.0,0.0,0.0,0.0,0.0,0.0,0.044565106228577525,0.0,0.0,0.0,0.0,0.0,0.0,0.0,0.0,0.0,0.0,0.0,0.0,0.0,0.0,0.0,0.0,0.0,0.0,0.028001670783802175,0.0,0.0,0.0,0.11247357140390986,0.0,0.0,0.0,0.0,0.0,0.0,0.0,0.0,0.0,0.0,0.0,0.05254511002530634,0.0,0.0,0.0,0.0,0.0,0.0,0.0,0.05384071497392062,0.0,0.060406466428772204,0.0,0.0,0.05862386680498331,0.06265217870124212,0.0,0.0,0.0,0.0,0.0,0.0,0.0,0.0,0.0,0.04152234921069896,0.0,0.0,0.0,0.027659526542575943,0.0,0.0
